(kicad_pcb (version 20171130) (host pcbnew 5.0.0-rc2-dev-unknown-1ac905d~64~ubuntu18.04.1)

  (general
    (thickness 1.6)
    (drawings 320)
    (tracks 116)
    (zones 0)
    (modules 15)
    (nets 11)
  )

  (page A4)
  (layers
    (0 F.Cu signal)
    (31 B.Cu signal)
    (32 B.Adhes user)
    (33 F.Adhes user)
    (34 B.Paste user)
    (35 F.Paste user)
    (36 B.SilkS user)
    (37 F.SilkS user)
    (38 B.Mask user)
    (39 F.Mask user)
    (40 Dwgs.User user)
    (41 Cmts.User user)
    (42 Eco1.User user)
    (43 Eco2.User user)
    (44 Edge.Cuts user)
    (45 Margin user)
    (46 B.CrtYd user)
    (47 F.CrtYd user)
    (48 B.Fab user hide)
    (49 F.Fab user hide)
  )

  (setup
    (last_trace_width 0.3)
    (user_trace_width 0.15)
    (user_trace_width 0.2)
    (user_trace_width 0.25)
    (user_trace_width 0.3)
    (user_trace_width 0.35)
    (user_trace_width 0.4)
    (user_trace_width 0.5)
    (trace_clearance 0.2)
    (zone_clearance 0.3)
    (zone_45_only no)
    (trace_min 0.15)
    (segment_width 0.2)
    (edge_width 0.15)
    (via_size 0.6)
    (via_drill 0.3)
    (via_min_size 0.6)
    (via_min_drill 0.3)
    (user_via 0.6 0.3)
    (uvia_size 0.3)
    (uvia_drill 0.1)
    (uvias_allowed no)
    (uvia_min_size 0.2)
    (uvia_min_drill 0.1)
    (pcb_text_width 0.3)
    (pcb_text_size 1.5 1.5)
    (mod_edge_width 0.15)
    (mod_text_size 1 1)
    (mod_text_width 0.15)
    (pad_size 1.5 3)
    (pad_drill 0)
    (pad_to_mask_clearance 0.2)
    (aux_axis_origin 0 0)
    (visible_elements 7FFFFFFF)
    (pcbplotparams
      (layerselection 0x010fc_ffffffff)
      (usegerberextensions false)
      (usegerberattributes false)
      (usegerberadvancedattributes false)
      (creategerberjobfile false)
      (excludeedgelayer true)
      (linewidth 0.100000)
      (plotframeref false)
      (viasonmask false)
      (mode 1)
      (useauxorigin false)
      (hpglpennumber 1)
      (hpglpenspeed 20)
      (hpglpendiameter 15)
      (psnegative false)
      (psa4output false)
      (plotreference true)
      (plotvalue true)
      (plotinvisibletext false)
      (padsonsilk false)
      (subtractmaskfromsilk false)
      (outputformat 1)
      (mirror false)
      (drillshape 1)
      (scaleselection 1)
      (outputdirectory ""))
  )

  (net 0 "")
  (net 1 GND)
  (net 2 VCC)
  (net 3 SDA)
  (net 4 SCL)
  (net 5 SDA_S)
  (net 6 SCL_S)
  (net 7 "Net-(U1-Pad3)")
  (net 8 +3V3)
  (net 9 "Net-(U2-Pad4)")
  (net 10 "Net-(U1-Pad2)")

  (net_class Default "This is the default net class."
    (clearance 0.2)
    (trace_width 0.25)
    (via_dia 0.6)
    (via_drill 0.3)
    (uvia_dia 0.3)
    (uvia_drill 0.1)
    (add_net +3V3)
    (add_net GND)
    (add_net "Net-(U1-Pad2)")
    (add_net "Net-(U1-Pad3)")
    (add_net "Net-(U2-Pad4)")
    (add_net SCL)
    (add_net SCL_S)
    (add_net SDA)
    (add_net SDA_S)
    (add_net VCC)
  )

  (module Capacitor_Tantalum_SMD:CP_EIA-3216-12_Kemet-S (layer F.Cu) (tedit 5AD07145) (tstamp 5AC9C5DC)
    (at 141.5 100 180)
    (descr "Tantalum Capacitor SMD Kemet-S (3216-12 Metric), IPC_7351 nominal, (Body size from: http://www.kemet.com/Lists/ProductCatalog/Attachments/253/KEM_TC101_STD.pdf), generated with kicad-footprint-generator")
    (tags "capacitor tantalum")
    (path /5ACAF6DC)
    (attr smd)
    (fp_text reference C3 (at 0 -1.75 180) (layer F.SilkS) hide
      (effects (font (size 1 1) (thickness 0.15)))
    )
    (fp_text value 22uF (at 0 1.75 180) (layer F.Fab)
      (effects (font (size 1 1) (thickness 0.15)))
    )
    (fp_line (start 1.6 -0.8) (end -1.2 -0.8) (layer F.Fab) (width 0.1))
    (fp_line (start -1.2 -0.8) (end -1.6 -0.4) (layer F.Fab) (width 0.1))
    (fp_line (start -1.6 -0.4) (end -1.6 0.8) (layer F.Fab) (width 0.1))
    (fp_line (start -1.6 0.8) (end 1.6 0.8) (layer F.Fab) (width 0.1))
    (fp_line (start 1.6 0.8) (end 1.6 -0.8) (layer F.Fab) (width 0.1))
    (fp_line (start 1.6 -1.06) (end -2.32 -1.06) (layer F.SilkS) (width 0.12))
    (fp_line (start -2.32 -1.06) (end -2.32 1.06) (layer F.SilkS) (width 0.12))
    (fp_line (start -2.32 1.06) (end 1.6 1.06) (layer F.SilkS) (width 0.12))
    (fp_line (start -2.31 1.05) (end -2.31 -1.05) (layer F.CrtYd) (width 0.05))
    (fp_line (start -2.31 -1.05) (end 2.31 -1.05) (layer F.CrtYd) (width 0.05))
    (fp_line (start 2.31 -1.05) (end 2.31 1.05) (layer F.CrtYd) (width 0.05))
    (fp_line (start 2.31 1.05) (end -2.31 1.05) (layer F.CrtYd) (width 0.05))
    (fp_text user %R (at 0 0 180) (layer F.Fab)
      (effects (font (size 0.8 0.8) (thickness 0.12)))
    )
    (pad 1 smd rect (at -1.38 0 180) (size 1.36 1.4) (layers F.Cu F.Paste F.Mask)
      (net 2 VCC))
    (pad 2 smd rect (at 1.38 0 180) (size 1.36 1.4) (layers F.Cu F.Paste F.Mask)
      (net 1 GND))
    (model ${KISYS3DMOD}/Capacitor_Tantalum_SMD.3dshapes/CP_EIA-3216-12_Kemet-S.wrl
      (at (xyz 0 0 0))
      (scale (xyz 1 1 1))
      (rotate (xyz 0 0 0))
    )
  )

  (module Resistor_SMD:R_0603_1608Metric_Pad0.84x1.00mm_HandSolder (layer F.Cu) (tedit 5ABE51A1) (tstamp 5AE842C4)
    (at 137.5 108 180)
    (descr "Resistor SMD 0603 (1608 Metric), square (rectangular) end terminal, IPC_7351 nominal with elongated pad for handsoldering. (Body size source: http://www.tortai-tech.com/upload/download/2011102023233369053.pdf), generated with kicad-footprint-generator")
    (tags "resistor handsolder")
    (path /5ABEC103)
    (attr smd)
    (fp_text reference R3 (at 0 -1.65 180) (layer F.SilkS) hide
      (effects (font (size 1 1) (thickness 0.15)))
    )
    (fp_text value 10k (at 0 1.65 180) (layer F.Fab)
      (effects (font (size 1 1) (thickness 0.15)))
    )
    (fp_text user %R (at 0 0 180) (layer F.Fab)
      (effects (font (size 0.5 0.5) (thickness 0.08)))
    )
    (fp_line (start 1.64 0.75) (end -1.64 0.75) (layer F.CrtYd) (width 0.05))
    (fp_line (start 1.64 -0.75) (end 1.64 0.75) (layer F.CrtYd) (width 0.05))
    (fp_line (start -1.64 -0.75) (end 1.64 -0.75) (layer F.CrtYd) (width 0.05))
    (fp_line (start -1.64 0.75) (end -1.64 -0.75) (layer F.CrtYd) (width 0.05))
    (fp_line (start -0.22 0.51) (end 0.22 0.51) (layer F.SilkS) (width 0.12))
    (fp_line (start -0.22 -0.51) (end 0.22 -0.51) (layer F.SilkS) (width 0.12))
    (fp_line (start 0.8 0.4) (end -0.8 0.4) (layer F.Fab) (width 0.1))
    (fp_line (start 0.8 -0.4) (end 0.8 0.4) (layer F.Fab) (width 0.1))
    (fp_line (start -0.8 -0.4) (end 0.8 -0.4) (layer F.Fab) (width 0.1))
    (fp_line (start -0.8 0.4) (end -0.8 -0.4) (layer F.Fab) (width 0.1))
    (pad 2 smd rect (at 0.9625 0 180) (size 0.845 1) (layers F.Cu F.Paste F.Mask)
      (net 8 +3V3))
    (pad 1 smd rect (at -0.9625 0 180) (size 0.845 1) (layers F.Cu F.Paste F.Mask)
      (net 5 SDA_S))
    (model ${KISYS3DMOD}/Resistor_SMD.3dshapes/R_0603_1608Metric.wrl
      (at (xyz 0 0 0))
      (scale (xyz 1 1 1))
      (rotate (xyz 0 0 0))
    )
  )

  (module Resistor_SMD:R_0603_1608Metric_Pad0.84x1.00mm_HandSolder (layer F.Cu) (tedit 5ABE519A) (tstamp 5ACECD32)
    (at 134 102)
    (descr "Resistor SMD 0603 (1608 Metric), square (rectangular) end terminal, IPC_7351 nominal with elongated pad for handsoldering. (Body size source: http://www.tortai-tech.com/upload/download/2011102023233369053.pdf), generated with kicad-footprint-generator")
    (tags "resistor handsolder")
    (path /5ABF2EDC)
    (attr smd)
    (fp_text reference R4 (at 0 -1.65) (layer F.SilkS) hide
      (effects (font (size 1 1) (thickness 0.15)))
    )
    (fp_text value 10k (at 0 1.65) (layer F.Fab)
      (effects (font (size 1 1) (thickness 0.15)))
    )
    (fp_line (start -0.8 0.4) (end -0.8 -0.4) (layer F.Fab) (width 0.1))
    (fp_line (start -0.8 -0.4) (end 0.8 -0.4) (layer F.Fab) (width 0.1))
    (fp_line (start 0.8 -0.4) (end 0.8 0.4) (layer F.Fab) (width 0.1))
    (fp_line (start 0.8 0.4) (end -0.8 0.4) (layer F.Fab) (width 0.1))
    (fp_line (start -0.22 -0.51) (end 0.22 -0.51) (layer F.SilkS) (width 0.12))
    (fp_line (start -0.22 0.51) (end 0.22 0.51) (layer F.SilkS) (width 0.12))
    (fp_line (start -1.64 0.75) (end -1.64 -0.75) (layer F.CrtYd) (width 0.05))
    (fp_line (start -1.64 -0.75) (end 1.64 -0.75) (layer F.CrtYd) (width 0.05))
    (fp_line (start 1.64 -0.75) (end 1.64 0.75) (layer F.CrtYd) (width 0.05))
    (fp_line (start 1.64 0.75) (end -1.64 0.75) (layer F.CrtYd) (width 0.05))
    (fp_text user %R (at 0 0) (layer F.Fab)
      (effects (font (size 0.5 0.5) (thickness 0.08)))
    )
    (pad 1 smd rect (at -0.9625 0) (size 0.845 1) (layers F.Cu F.Paste F.Mask)
      (net 4 SCL))
    (pad 2 smd rect (at 0.9625 0) (size 0.845 1) (layers F.Cu F.Paste F.Mask)
      (net 2 VCC))
    (model ${KISYS3DMOD}/Resistor_SMD.3dshapes/R_0603_1608Metric.wrl
      (at (xyz 0 0 0))
      (scale (xyz 1 1 1))
      (rotate (xyz 0 0 0))
    )
  )

  (module Capacitor_SMD:C_0603_1608Metric_Pad0.84x1.00mm_HandSolder (layer F.Cu) (tedit 5ABE5186) (tstamp 5AF33ED9)
    (at 141.5 102 180)
    (descr "Capacitor SMD 0603 (1608 Metric), square (rectangular) end terminal, IPC_7351 nominal with elongated pad for handsoldering. (Body size source: http://www.tortai-tech.com/upload/download/2011102023233369053.pdf), generated with kicad-footprint-generator")
    (tags "capacitor handsolder")
    (path /5ABE6295)
    (attr smd)
    (fp_text reference C1 (at 0 -1.65 180) (layer F.SilkS) hide
      (effects (font (size 1 1) (thickness 0.15)))
    )
    (fp_text value 1uF (at 0 1.65 180) (layer F.Fab)
      (effects (font (size 1 1) (thickness 0.15)))
    )
    (fp_text user %R (at 0 0 180) (layer F.Fab)
      (effects (font (size 0.5 0.5) (thickness 0.08)))
    )
    (fp_line (start 1.64 0.75) (end -1.64 0.75) (layer F.CrtYd) (width 0.05))
    (fp_line (start 1.64 -0.75) (end 1.64 0.75) (layer F.CrtYd) (width 0.05))
    (fp_line (start -1.64 -0.75) (end 1.64 -0.75) (layer F.CrtYd) (width 0.05))
    (fp_line (start -1.64 0.75) (end -1.64 -0.75) (layer F.CrtYd) (width 0.05))
    (fp_line (start -0.22 0.51) (end 0.22 0.51) (layer F.SilkS) (width 0.12))
    (fp_line (start -0.22 -0.51) (end 0.22 -0.51) (layer F.SilkS) (width 0.12))
    (fp_line (start 0.8 0.4) (end -0.8 0.4) (layer F.Fab) (width 0.1))
    (fp_line (start 0.8 -0.4) (end 0.8 0.4) (layer F.Fab) (width 0.1))
    (fp_line (start -0.8 -0.4) (end 0.8 -0.4) (layer F.Fab) (width 0.1))
    (fp_line (start -0.8 0.4) (end -0.8 -0.4) (layer F.Fab) (width 0.1))
    (pad 2 smd rect (at 0.9625 0 180) (size 0.845 1) (layers F.Cu F.Paste F.Mask)
      (net 1 GND))
    (pad 1 smd rect (at -0.9625 0 180) (size 0.845 1) (layers F.Cu F.Paste F.Mask)
      (net 2 VCC))
    (model ${KISYS3DMOD}/Capacitor_SMD.3dshapes/C_0603_1608Metric.wrl
      (at (xyz 0 0 0))
      (scale (xyz 1 1 1))
      (rotate (xyz 0 0 0))
    )
  )

  (module Capacitor_SMD:C_0603_1608Metric_Pad0.84x1.00mm_HandSolder (layer F.Cu) (tedit 5ABE51AE) (tstamp 5AF33FF5)
    (at 141.5 108 180)
    (descr "Capacitor SMD 0603 (1608 Metric), square (rectangular) end terminal, IPC_7351 nominal with elongated pad for handsoldering. (Body size source: http://www.tortai-tech.com/upload/download/2011102023233369053.pdf), generated with kicad-footprint-generator")
    (tags "capacitor handsolder")
    (path /5ABE2574)
    (attr smd)
    (fp_text reference C2 (at 0 -1.65 180) (layer F.SilkS) hide
      (effects (font (size 1 1) (thickness 0.15)))
    )
    (fp_text value 1uF (at 0 1.65 180) (layer F.Fab)
      (effects (font (size 1 1) (thickness 0.15)))
    )
    (fp_line (start -0.8 0.4) (end -0.8 -0.4) (layer F.Fab) (width 0.1))
    (fp_line (start -0.8 -0.4) (end 0.8 -0.4) (layer F.Fab) (width 0.1))
    (fp_line (start 0.8 -0.4) (end 0.8 0.4) (layer F.Fab) (width 0.1))
    (fp_line (start 0.8 0.4) (end -0.8 0.4) (layer F.Fab) (width 0.1))
    (fp_line (start -0.22 -0.51) (end 0.22 -0.51) (layer F.SilkS) (width 0.12))
    (fp_line (start -0.22 0.51) (end 0.22 0.51) (layer F.SilkS) (width 0.12))
    (fp_line (start -1.64 0.75) (end -1.64 -0.75) (layer F.CrtYd) (width 0.05))
    (fp_line (start -1.64 -0.75) (end 1.64 -0.75) (layer F.CrtYd) (width 0.05))
    (fp_line (start 1.64 -0.75) (end 1.64 0.75) (layer F.CrtYd) (width 0.05))
    (fp_line (start 1.64 0.75) (end -1.64 0.75) (layer F.CrtYd) (width 0.05))
    (fp_text user %R (at 0 0 180) (layer F.Fab)
      (effects (font (size 0.5 0.5) (thickness 0.08)))
    )
    (pad 1 smd rect (at -0.9625 0 180) (size 0.845 1) (layers F.Cu F.Paste F.Mask)
      (net 8 +3V3))
    (pad 2 smd rect (at 0.9625 0 180) (size 0.845 1) (layers F.Cu F.Paste F.Mask)
      (net 1 GND))
    (model ${KISYS3DMOD}/Capacitor_SMD.3dshapes/C_0603_1608Metric.wrl
      (at (xyz 0 0 0))
      (scale (xyz 1 1 1))
      (rotate (xyz 0 0 0))
    )
  )

  (module Capacitor_SMD:C_0603_1608Metric_Pad0.84x1.00mm_HandSolder (layer F.Cu) (tedit 5ABE5175) (tstamp 5ACEB47A)
    (at 145.5 102 180)
    (descr "Capacitor SMD 0603 (1608 Metric), square (rectangular) end terminal, IPC_7351 nominal with elongated pad for handsoldering. (Body size source: http://www.tortai-tech.com/upload/download/2011102023233369053.pdf), generated with kicad-footprint-generator")
    (tags "capacitor handsolder")
    (path /5ABFCA41)
    (attr smd)
    (fp_text reference C4 (at 0 -1.65 180) (layer F.SilkS) hide
      (effects (font (size 1 1) (thickness 0.15)))
    )
    (fp_text value 1uF (at 0 1.65 180) (layer F.Fab)
      (effects (font (size 1 1) (thickness 0.15)))
    )
    (fp_line (start -0.8 0.4) (end -0.8 -0.4) (layer F.Fab) (width 0.1))
    (fp_line (start -0.8 -0.4) (end 0.8 -0.4) (layer F.Fab) (width 0.1))
    (fp_line (start 0.8 -0.4) (end 0.8 0.4) (layer F.Fab) (width 0.1))
    (fp_line (start 0.8 0.4) (end -0.8 0.4) (layer F.Fab) (width 0.1))
    (fp_line (start -0.22 -0.51) (end 0.22 -0.51) (layer F.SilkS) (width 0.12))
    (fp_line (start -0.22 0.51) (end 0.22 0.51) (layer F.SilkS) (width 0.12))
    (fp_line (start -1.64 0.75) (end -1.64 -0.75) (layer F.CrtYd) (width 0.05))
    (fp_line (start -1.64 -0.75) (end 1.64 -0.75) (layer F.CrtYd) (width 0.05))
    (fp_line (start 1.64 -0.75) (end 1.64 0.75) (layer F.CrtYd) (width 0.05))
    (fp_line (start 1.64 0.75) (end -1.64 0.75) (layer F.CrtYd) (width 0.05))
    (fp_text user %R (at 0 0 180) (layer F.Fab)
      (effects (font (size 0.5 0.5) (thickness 0.08)))
    )
    (pad 1 smd rect (at -0.9625 0 180) (size 0.845 1) (layers F.Cu F.Paste F.Mask)
      (net 2 VCC))
    (pad 2 smd rect (at 0.9625 0 180) (size 0.845 1) (layers F.Cu F.Paste F.Mask)
      (net 1 GND))
    (model ${KISYS3DMOD}/Capacitor_SMD.3dshapes/C_0603_1608Metric.wrl
      (at (xyz 0 0 0))
      (scale (xyz 1 1 1))
      (rotate (xyz 0 0 0))
    )
  )

  (module Capacitor_SMD:C_0603_1608Metric_Pad0.84x1.00mm_HandSolder (layer F.Cu) (tedit 5AC9E01F) (tstamp 5AE84232)
    (at 145.5 108 180)
    (descr "Capacitor SMD 0603 (1608 Metric), square (rectangular) end terminal, IPC_7351 nominal with elongated pad for handsoldering. (Body size source: http://www.tortai-tech.com/upload/download/2011102023233369053.pdf), generated with kicad-footprint-generator")
    (tags "capacitor handsolder")
    (path /5AC0177F)
    (attr smd)
    (fp_text reference C5 (at 0 -1.65 180) (layer F.SilkS) hide
      (effects (font (size 1 1) (thickness 0.15)))
    )
    (fp_text value 1uF (at 0 1.65 180) (layer F.Fab)
      (effects (font (size 1 1) (thickness 0.15)))
    )
    (fp_text user %R (at 0 0 180) (layer F.Fab)
      (effects (font (size 0.5 0.5) (thickness 0.08)))
    )
    (fp_line (start 1.64 0.75) (end -1.64 0.75) (layer F.CrtYd) (width 0.05))
    (fp_line (start 1.64 -0.75) (end 1.64 0.75) (layer F.CrtYd) (width 0.05))
    (fp_line (start -1.64 -0.75) (end 1.64 -0.75) (layer F.CrtYd) (width 0.05))
    (fp_line (start -1.64 0.75) (end -1.64 -0.75) (layer F.CrtYd) (width 0.05))
    (fp_line (start -0.22 0.51) (end 0.22 0.51) (layer F.SilkS) (width 0.12))
    (fp_line (start -0.22 -0.51) (end 0.22 -0.51) (layer F.SilkS) (width 0.12))
    (fp_line (start 0.8 0.4) (end -0.8 0.4) (layer F.Fab) (width 0.1))
    (fp_line (start 0.8 -0.4) (end 0.8 0.4) (layer F.Fab) (width 0.1))
    (fp_line (start -0.8 -0.4) (end 0.8 -0.4) (layer F.Fab) (width 0.1))
    (fp_line (start -0.8 0.4) (end -0.8 -0.4) (layer F.Fab) (width 0.1))
    (pad 2 smd rect (at 0.9625 0 180) (size 0.845 1) (layers F.Cu F.Paste F.Mask)
      (net 1 GND))
    (pad 1 smd rect (at -0.9625 0 180) (size 0.845 1) (layers F.Cu F.Paste F.Mask)
      (net 8 +3V3))
    (model ${KISYS3DMOD}/Capacitor_SMD.3dshapes/C_0603_1608Metric.wrl
      (at (xyz 0 0 0))
      (scale (xyz 1 1 1))
      (rotate (xyz 0 0 0))
    )
  )

  (module Package_TO_SOT_SMD:SOT-23 (layer F.Cu) (tedit 5ABE519D) (tstamp 5ACECE0A)
    (at 137.5 105 90)
    (descr "SOT-23, Standard")
    (tags SOT-23)
    (path /5ABEAC8D)
    (attr smd)
    (fp_text reference Q1 (at 0 -2.5 90) (layer F.SilkS) hide
      (effects (font (size 1 1) (thickness 0.15)))
    )
    (fp_text value BSS138 (at 0 2.5 90) (layer F.Fab)
      (effects (font (size 1 1) (thickness 0.15)))
    )
    (fp_text user %R (at 0 0 -180) (layer F.Fab)
      (effects (font (size 0.5 0.5) (thickness 0.075)))
    )
    (fp_line (start -0.7 -0.95) (end -0.7 1.5) (layer F.Fab) (width 0.1))
    (fp_line (start -0.15 -1.52) (end 0.7 -1.52) (layer F.Fab) (width 0.1))
    (fp_line (start -0.7 -0.95) (end -0.15 -1.52) (layer F.Fab) (width 0.1))
    (fp_line (start 0.7 -1.52) (end 0.7 1.52) (layer F.Fab) (width 0.1))
    (fp_line (start -0.7 1.52) (end 0.7 1.52) (layer F.Fab) (width 0.1))
    (fp_line (start 0.76 1.58) (end 0.76 0.65) (layer F.SilkS) (width 0.12))
    (fp_line (start 0.76 -1.58) (end 0.76 -0.65) (layer F.SilkS) (width 0.12))
    (fp_line (start -1.7 -1.75) (end 1.7 -1.75) (layer F.CrtYd) (width 0.05))
    (fp_line (start 1.7 -1.75) (end 1.7 1.75) (layer F.CrtYd) (width 0.05))
    (fp_line (start 1.7 1.75) (end -1.7 1.75) (layer F.CrtYd) (width 0.05))
    (fp_line (start -1.7 1.75) (end -1.7 -1.75) (layer F.CrtYd) (width 0.05))
    (fp_line (start 0.76 -1.58) (end -1.4 -1.58) (layer F.SilkS) (width 0.12))
    (fp_line (start 0.76 1.58) (end -0.7 1.58) (layer F.SilkS) (width 0.12))
    (pad 1 smd rect (at -1 -0.95 90) (size 0.9 0.8) (layers F.Cu F.Paste F.Mask)
      (net 8 +3V3))
    (pad 2 smd rect (at -1 0.95 90) (size 0.9 0.8) (layers F.Cu F.Paste F.Mask)
      (net 5 SDA_S))
    (pad 3 smd rect (at 1 0 90) (size 0.9 0.8) (layers F.Cu F.Paste F.Mask)
      (net 3 SDA))
    (model ${KISYS3DMOD}/Package_TO_SOT_SMD.3dshapes/SOT-23.wrl
      (at (xyz 0 0 0))
      (scale (xyz 1 1 1))
      (rotate (xyz 0 0 0))
    )
  )

  (module Package_TO_SOT_SMD:SOT-23 (layer F.Cu) (tedit 5ABE518E) (tstamp 5ACEC36E)
    (at 134 105 90)
    (descr "SOT-23, Standard")
    (tags SOT-23)
    (path /5ABEAF9B)
    (attr smd)
    (fp_text reference Q2 (at 0 -2.5 90) (layer F.SilkS) hide
      (effects (font (size 1 1) (thickness 0.15)))
    )
    (fp_text value BSS138 (at 0 2.5 90) (layer F.Fab)
      (effects (font (size 1 1) (thickness 0.15)))
    )
    (fp_line (start 0.76 1.58) (end -0.7 1.58) (layer F.SilkS) (width 0.12))
    (fp_line (start 0.76 -1.58) (end -1.4 -1.58) (layer F.SilkS) (width 0.12))
    (fp_line (start -1.7 1.75) (end -1.7 -1.75) (layer F.CrtYd) (width 0.05))
    (fp_line (start 1.7 1.75) (end -1.7 1.75) (layer F.CrtYd) (width 0.05))
    (fp_line (start 1.7 -1.75) (end 1.7 1.75) (layer F.CrtYd) (width 0.05))
    (fp_line (start -1.7 -1.75) (end 1.7 -1.75) (layer F.CrtYd) (width 0.05))
    (fp_line (start 0.76 -1.58) (end 0.76 -0.65) (layer F.SilkS) (width 0.12))
    (fp_line (start 0.76 1.58) (end 0.76 0.65) (layer F.SilkS) (width 0.12))
    (fp_line (start -0.7 1.52) (end 0.7 1.52) (layer F.Fab) (width 0.1))
    (fp_line (start 0.7 -1.52) (end 0.7 1.52) (layer F.Fab) (width 0.1))
    (fp_line (start -0.7 -0.95) (end -0.15 -1.52) (layer F.Fab) (width 0.1))
    (fp_line (start -0.15 -1.52) (end 0.7 -1.52) (layer F.Fab) (width 0.1))
    (fp_line (start -0.7 -0.95) (end -0.7 1.5) (layer F.Fab) (width 0.1))
    (fp_text user %R (at 0 0 -180) (layer F.Fab)
      (effects (font (size 0.5 0.5) (thickness 0.075)))
    )
    (pad 3 smd rect (at 1 0 90) (size 0.9 0.8) (layers F.Cu F.Paste F.Mask)
      (net 4 SCL))
    (pad 2 smd rect (at -1 0.95 90) (size 0.9 0.8) (layers F.Cu F.Paste F.Mask)
      (net 6 SCL_S))
    (pad 1 smd rect (at -1 -0.95 90) (size 0.9 0.8) (layers F.Cu F.Paste F.Mask)
      (net 8 +3V3))
    (model ${KISYS3DMOD}/Package_TO_SOT_SMD.3dshapes/SOT-23.wrl
      (at (xyz 0 0 0))
      (scale (xyz 1 1 1))
      (rotate (xyz 0 0 0))
    )
  )

  (module Resistor_SMD:R_0603_1608Metric_Pad0.84x1.00mm_HandSolder (layer F.Cu) (tedit 5ABE516C) (tstamp 5AE8524E)
    (at 137.5 102 180)
    (descr "Resistor SMD 0603 (1608 Metric), square (rectangular) end terminal, IPC_7351 nominal with elongated pad for handsoldering. (Body size source: http://www.tortai-tech.com/upload/download/2011102023233369053.pdf), generated with kicad-footprint-generator")
    (tags "resistor handsolder")
    (path /5ABF1B9E)
    (attr smd)
    (fp_text reference R2 (at 0 -1.65 180) (layer F.SilkS) hide
      (effects (font (size 1 1) (thickness 0.15)))
    )
    (fp_text value 10k (at 0 1.65 180) (layer F.Fab)
      (effects (font (size 1 1) (thickness 0.15)))
    )
    (fp_text user %R (at 0 0 180) (layer F.Fab)
      (effects (font (size 0.5 0.5) (thickness 0.08)))
    )
    (fp_line (start 1.64 0.75) (end -1.64 0.75) (layer F.CrtYd) (width 0.05))
    (fp_line (start 1.64 -0.75) (end 1.64 0.75) (layer F.CrtYd) (width 0.05))
    (fp_line (start -1.64 -0.75) (end 1.64 -0.75) (layer F.CrtYd) (width 0.05))
    (fp_line (start -1.64 0.75) (end -1.64 -0.75) (layer F.CrtYd) (width 0.05))
    (fp_line (start -0.22 0.51) (end 0.22 0.51) (layer F.SilkS) (width 0.12))
    (fp_line (start -0.22 -0.51) (end 0.22 -0.51) (layer F.SilkS) (width 0.12))
    (fp_line (start 0.8 0.4) (end -0.8 0.4) (layer F.Fab) (width 0.1))
    (fp_line (start 0.8 -0.4) (end 0.8 0.4) (layer F.Fab) (width 0.1))
    (fp_line (start -0.8 -0.4) (end 0.8 -0.4) (layer F.Fab) (width 0.1))
    (fp_line (start -0.8 0.4) (end -0.8 -0.4) (layer F.Fab) (width 0.1))
    (pad 2 smd rect (at 0.9625 0 180) (size 0.845 1) (layers F.Cu F.Paste F.Mask)
      (net 2 VCC))
    (pad 1 smd rect (at -0.9625 0 180) (size 0.845 1) (layers F.Cu F.Paste F.Mask)
      (net 3 SDA))
    (model ${KISYS3DMOD}/Resistor_SMD.3dshapes/R_0603_1608Metric.wrl
      (at (xyz 0 0 0))
      (scale (xyz 1 1 1))
      (rotate (xyz 0 0 0))
    )
  )

  (module Resistor_SMD:R_0603_1608Metric_Pad0.84x1.00mm_HandSolder (layer F.Cu) (tedit 5ABE51B2) (tstamp 5ACEDE3D)
    (at 134.25 108 180)
    (descr "Resistor SMD 0603 (1608 Metric), square (rectangular) end terminal, IPC_7351 nominal with elongated pad for handsoldering. (Body size source: http://www.tortai-tech.com/upload/download/2011102023233369053.pdf), generated with kicad-footprint-generator")
    (tags "resistor handsolder")
    (path /5ABED6AE)
    (attr smd)
    (fp_text reference R5 (at 0 -1.65 180) (layer F.SilkS) hide
      (effects (font (size 1 1) (thickness 0.15)))
    )
    (fp_text value 10k (at 0 1.65 180) (layer F.Fab)
      (effects (font (size 1 1) (thickness 0.15)))
    )
    (fp_line (start -0.8 0.4) (end -0.8 -0.4) (layer F.Fab) (width 0.1))
    (fp_line (start -0.8 -0.4) (end 0.8 -0.4) (layer F.Fab) (width 0.1))
    (fp_line (start 0.8 -0.4) (end 0.8 0.4) (layer F.Fab) (width 0.1))
    (fp_line (start 0.8 0.4) (end -0.8 0.4) (layer F.Fab) (width 0.1))
    (fp_line (start -0.22 -0.51) (end 0.22 -0.51) (layer F.SilkS) (width 0.12))
    (fp_line (start -0.22 0.51) (end 0.22 0.51) (layer F.SilkS) (width 0.12))
    (fp_line (start -1.64 0.75) (end -1.64 -0.75) (layer F.CrtYd) (width 0.05))
    (fp_line (start -1.64 -0.75) (end 1.64 -0.75) (layer F.CrtYd) (width 0.05))
    (fp_line (start 1.64 -0.75) (end 1.64 0.75) (layer F.CrtYd) (width 0.05))
    (fp_line (start 1.64 0.75) (end -1.64 0.75) (layer F.CrtYd) (width 0.05))
    (fp_text user %R (at 0 0 180) (layer F.Fab)
      (effects (font (size 0.5 0.5) (thickness 0.08)))
    )
    (pad 1 smd rect (at -0.9625 0 180) (size 0.845 1) (layers F.Cu F.Paste F.Mask)
      (net 6 SCL_S))
    (pad 2 smd rect (at 0.9625 0 180) (size 0.845 1) (layers F.Cu F.Paste F.Mask)
      (net 8 +3V3))
    (model ${KISYS3DMOD}/Resistor_SMD.3dshapes/R_0603_1608Metric.wrl
      (at (xyz 0 0 0))
      (scale (xyz 1 1 1))
      (rotate (xyz 0 0 0))
    )
  )

  (module GiraffeTech-Avago:APDS-9130 (layer F.Cu) (tedit 5ABE5188) (tstamp 5AF32F36)
    (at 141.5 105 180)
    (path /5ABDFF85)
    (solder_mask_margin 0.1)
    (fp_text reference U1 (at 0 3 180) (layer F.SilkS) hide
      (effects (font (size 1 1) (thickness 0.15)))
    )
    (fp_text value APDS-9960 (at 0 -3 180) (layer F.Fab)
      (effects (font (size 1 1) (thickness 0.15)))
    )
    (fp_line (start -1 2) (end 1 2) (layer F.SilkS) (width 0.15))
    (fp_line (start -1 -2) (end 1 -2) (layer F.SilkS) (width 0.15))
    (pad 2 smd rect (at 0.7 -0.485 180) (size 0.6 0.72) (layers F.Cu F.Paste F.Mask)
      (net 10 "Net-(U1-Pad2)"))
    (pad 1 smd rect (at 0.7 -1.455 180) (size 0.6 0.72) (layers F.Cu F.Paste F.Mask)
      (net 5 SDA_S))
    (pad 3 smd rect (at 0.7 0.485 180) (size 0.6 0.72) (layers F.Cu F.Paste F.Mask)
      (net 7 "Net-(U1-Pad3)"))
    (pad 4 smd rect (at 0.7 1.455 180) (size 0.6 0.72) (layers F.Cu F.Paste F.Mask)
      (net 7 "Net-(U1-Pad3)"))
    (pad 7 smd rect (at -0.7 -0.485 180) (size 0.6 0.72) (layers F.Cu F.Paste F.Mask)
      (net 6 SCL_S))
    (pad 6 smd rect (at -0.7 0.485 180) (size 0.6 0.72) (layers F.Cu F.Paste F.Mask)
      (net 1 GND))
    (pad 8 smd rect (at -0.7 -1.455 180) (size 0.6 0.72) (layers F.Cu F.Paste F.Mask)
      (net 8 +3V3))
    (pad 5 smd rect (at -0.7 1.455 180) (size 0.6 0.72) (layers F.Cu F.Paste F.Mask)
      (net 2 VCC))
  )

  (module Package_TO_SOT_SMD:SOT-23-5 (layer F.Cu) (tedit 5ABE5182) (tstamp 5ACEBD60)
    (at 145.5 105 270)
    (descr "5-pin SOT23 package")
    (tags SOT-23-5)
    (path /5ABFA087)
    (attr smd)
    (fp_text reference U2 (at 0 -2.9 270) (layer F.SilkS) hide
      (effects (font (size 1 1) (thickness 0.15)))
    )
    (fp_text value AP2127K-3.3 (at 0 2.9 270) (layer F.Fab)
      (effects (font (size 1 1) (thickness 0.15)))
    )
    (fp_text user %R (at 0 0) (layer F.Fab)
      (effects (font (size 0.5 0.5) (thickness 0.075)))
    )
    (fp_line (start -0.9 1.61) (end 0.9 1.61) (layer F.SilkS) (width 0.12))
    (fp_line (start 0.9 -1.61) (end -1.55 -1.61) (layer F.SilkS) (width 0.12))
    (fp_line (start -1.9 -1.8) (end 1.9 -1.8) (layer F.CrtYd) (width 0.05))
    (fp_line (start 1.9 -1.8) (end 1.9 1.8) (layer F.CrtYd) (width 0.05))
    (fp_line (start 1.9 1.8) (end -1.9 1.8) (layer F.CrtYd) (width 0.05))
    (fp_line (start -1.9 1.8) (end -1.9 -1.8) (layer F.CrtYd) (width 0.05))
    (fp_line (start -0.9 -0.9) (end -0.25 -1.55) (layer F.Fab) (width 0.1))
    (fp_line (start 0.9 -1.55) (end -0.25 -1.55) (layer F.Fab) (width 0.1))
    (fp_line (start -0.9 -0.9) (end -0.9 1.55) (layer F.Fab) (width 0.1))
    (fp_line (start 0.9 1.55) (end -0.9 1.55) (layer F.Fab) (width 0.1))
    (fp_line (start 0.9 -1.55) (end 0.9 1.55) (layer F.Fab) (width 0.1))
    (pad 1 smd rect (at -1.1 -0.95 270) (size 1.06 0.65) (layers F.Cu F.Paste F.Mask)
      (net 2 VCC))
    (pad 2 smd rect (at -1.1 0 270) (size 1.06 0.65) (layers F.Cu F.Paste F.Mask)
      (net 1 GND))
    (pad 3 smd rect (at -1.1 0.95 270) (size 1.06 0.65) (layers F.Cu F.Paste F.Mask)
      (net 2 VCC))
    (pad 4 smd rect (at 1.1 0.95 270) (size 1.06 0.65) (layers F.Cu F.Paste F.Mask)
      (net 9 "Net-(U2-Pad4)"))
    (pad 5 smd rect (at 1.1 -0.95 270) (size 1.06 0.65) (layers F.Cu F.Paste F.Mask)
      (net 8 +3V3))
    (model ${KISYS3DMOD}/Package_TO_SOT_SMD.3dshapes/SOT-23-5.wrl
      (at (xyz 0 0 0))
      (scale (xyz 1 1 1))
      (rotate (xyz 0 0 0))
    )
  )

  (module Connector_JST:JST_PH_S4B-PH-K_1x04_P2.00mm_Horizontal (layer B.Cu) (tedit 5AC1641B) (tstamp 5ACEAF9E)
    (at 144.5 97 180)
    (descr "JST PH series connector, S4B-PH-K (http://www.jst-mfg.com/product/pdf/eng/ePH.pdf), generated with kicad-footprint-generator")
    (tags "connector JST PH top entry")
    (path /5ABE0088)
    (fp_text reference J1 (at 3 2.55 180) (layer B.SilkS) hide
      (effects (font (size 1 1) (thickness 0.15)) (justify mirror))
    )
    (fp_text value Connector (at 3 -7.45 180) (layer B.Fab)
      (effects (font (size 1 1) (thickness 0.15)) (justify mirror))
    )
    (fp_line (start -0.86 -0.14) (end -1.14 -0.14) (layer B.SilkS) (width 0.12))
    (fp_line (start -1.14 -0.14) (end -1.14 1.46) (layer B.SilkS) (width 0.12))
    (fp_line (start -1.14 1.46) (end -2.06 1.46) (layer B.SilkS) (width 0.12))
    (fp_line (start -2.06 1.46) (end -2.06 -6.36) (layer B.SilkS) (width 0.12))
    (fp_line (start -2.06 -6.36) (end 8.06 -6.36) (layer B.SilkS) (width 0.12))
    (fp_line (start 8.06 -6.36) (end 8.06 1.46) (layer B.SilkS) (width 0.12))
    (fp_line (start 8.06 1.46) (end 7.14 1.46) (layer B.SilkS) (width 0.12))
    (fp_line (start 7.14 1.46) (end 7.14 -0.14) (layer B.SilkS) (width 0.12))
    (fp_line (start 7.14 -0.14) (end 6.86 -0.14) (layer B.SilkS) (width 0.12))
    (fp_line (start 0.5 -6.36) (end 0.5 -2) (layer B.SilkS) (width 0.12))
    (fp_line (start 0.5 -2) (end 5.5 -2) (layer B.SilkS) (width 0.12))
    (fp_line (start 5.5 -2) (end 5.5 -6.36) (layer B.SilkS) (width 0.12))
    (fp_line (start -2.06 -0.14) (end -1.14 -0.14) (layer B.SilkS) (width 0.12))
    (fp_line (start 8.06 -0.14) (end 7.14 -0.14) (layer B.SilkS) (width 0.12))
    (fp_line (start -1.3 -2.5) (end -1.3 -4.1) (layer B.SilkS) (width 0.12))
    (fp_line (start -1.3 -4.1) (end -0.3 -4.1) (layer B.SilkS) (width 0.12))
    (fp_line (start -0.3 -4.1) (end -0.3 -2.5) (layer B.SilkS) (width 0.12))
    (fp_line (start -0.3 -2.5) (end -1.3 -2.5) (layer B.SilkS) (width 0.12))
    (fp_line (start 7.3 -2.5) (end 7.3 -4.1) (layer B.SilkS) (width 0.12))
    (fp_line (start 7.3 -4.1) (end 6.3 -4.1) (layer B.SilkS) (width 0.12))
    (fp_line (start 6.3 -4.1) (end 6.3 -2.5) (layer B.SilkS) (width 0.12))
    (fp_line (start 6.3 -2.5) (end 7.3 -2.5) (layer B.SilkS) (width 0.12))
    (fp_line (start -0.3 -4.1) (end -0.3 -6.36) (layer B.SilkS) (width 0.12))
    (fp_line (start -0.8 -4.1) (end -0.8 -6.36) (layer B.SilkS) (width 0.12))
    (fp_line (start -2.45 1.85) (end -2.45 -6.75) (layer B.CrtYd) (width 0.05))
    (fp_line (start -2.45 -6.75) (end 8.45 -6.75) (layer B.CrtYd) (width 0.05))
    (fp_line (start 8.45 -6.75) (end 8.45 1.85) (layer B.CrtYd) (width 0.05))
    (fp_line (start 8.45 1.85) (end -2.45 1.85) (layer B.CrtYd) (width 0.05))
    (fp_line (start -1.25 -0.25) (end -1.25 1.35) (layer B.Fab) (width 0.1))
    (fp_line (start -1.25 1.35) (end -1.95 1.35) (layer B.Fab) (width 0.1))
    (fp_line (start -1.95 1.35) (end -1.95 -6.25) (layer B.Fab) (width 0.1))
    (fp_line (start -1.95 -6.25) (end 7.95 -6.25) (layer B.Fab) (width 0.1))
    (fp_line (start 7.95 -6.25) (end 7.95 1.35) (layer B.Fab) (width 0.1))
    (fp_line (start 7.95 1.35) (end 7.25 1.35) (layer B.Fab) (width 0.1))
    (fp_line (start 7.25 1.35) (end 7.25 -0.25) (layer B.Fab) (width 0.1))
    (fp_line (start 7.25 -0.25) (end -1.25 -0.25) (layer B.Fab) (width 0.1))
    (fp_line (start -0.86 -0.14) (end -0.86 1.075) (layer B.SilkS) (width 0.12))
    (fp_line (start 0 -0.875) (end -0.5 -1.375) (layer B.Fab) (width 0.1))
    (fp_line (start -0.5 -1.375) (end 0.5 -1.375) (layer B.Fab) (width 0.1))
    (fp_line (start 0.5 -1.375) (end 0 -0.875) (layer B.Fab) (width 0.1))
    (fp_text user %R (at 3 -2.5 180) (layer B.Fab)
      (effects (font (size 1 1) (thickness 0.15)) (justify mirror))
    )
    (pad 1 thru_hole rect (at 0 0 180) (size 1.2 1.75) (drill 0.75) (layers *.Cu *.Mask)
      (net 1 GND))
    (pad 2 thru_hole oval (at 2 0 180) (size 1.2 1.75) (drill 0.75) (layers *.Cu *.Mask)
      (net 2 VCC))
    (pad 3 thru_hole oval (at 4 0 180) (size 1.2 1.75) (drill 0.75) (layers *.Cu *.Mask)
      (net 3 SDA))
    (pad 4 thru_hole oval (at 6 0 180) (size 1.2 1.75) (drill 0.75) (layers *.Cu *.Mask)
      (net 4 SCL))
    (model ${KISYS3DMOD}/Connector_JST.3dshapes/JST_PH_S4B-PH-K_1x04_P2.00mm_Horizontal.wrl
      (at (xyz 0 0 0))
      (scale (xyz 1 1 1))
      (rotate (xyz 0 0 0))
    )
  )

  (module GiraffeTech-Utility:MakerPlayground_logo_2x2mm (layer F.Cu) (tedit 0) (tstamp 5AD0D392)
    (at 149.5 105)
    (fp_text reference G*** (at 0 0) (layer F.SilkS) hide
      (effects (font (size 1.524 1.524) (thickness 0.3)))
    )
    (fp_text value LOGO (at 0.75 0) (layer F.SilkS) hide
      (effects (font (size 1.524 1.524) (thickness 0.3)))
    )
    (fp_poly (pts (xy 0.992188 -0.564543) (xy 0.992164 -0.528929) (xy 0.992097 -0.495895) (xy 0.991991 -0.466261)
      (xy 0.991852 -0.440843) (xy 0.991684 -0.420459) (xy 0.991492 -0.405926) (xy 0.991282 -0.398062)
      (xy 0.99116 -0.396875) (xy 0.988207 -0.399571) (xy 0.980351 -0.407199) (xy 0.968291 -0.419067)
      (xy 0.952725 -0.434484) (xy 0.934354 -0.452758) (xy 0.913876 -0.4732) (xy 0.906847 -0.480231)
      (xy 0.823563 -0.563586) (xy 0.907875 -0.647899) (xy 0.992188 -0.732211) (xy 0.992188 -0.564543)) (layer F.SilkS) (width 0.01))
    (fp_poly (pts (xy 0.992272 -0.049513) (xy 0.991238 0.124084) (xy 0.990203 0.297682) (xy 0.731231 0.038685)
      (xy 0.472259 -0.220311) (xy 0.559597 -0.307581) (xy 0.646934 -0.394851) (xy 0.992272 -0.049513)) (layer F.SilkS) (width 0.01))
    (fp_poly (pts (xy 0.306845 -0.036934) (xy 0.315366 -0.028902) (xy 0.328804 -0.015931) (xy 0.346812 0.001638)
      (xy 0.369045 0.023463) (xy 0.39516 0.049204) (xy 0.424812 0.078521) (xy 0.457655 0.111071)
      (xy 0.493344 0.146515) (xy 0.531535 0.184511) (xy 0.571883 0.224719) (xy 0.614044 0.266798)
      (xy 0.649934 0.302669) (xy 0.992273 0.645025) (xy 0.990203 0.990203) (xy 0.559594 0.560703)
      (xy 0.128984 0.131202) (xy 0.214278 0.045757) (xy 0.235683 0.024442) (xy 0.255382 0.005068)
      (xy 0.272657 -0.011676) (xy 0.28679 -0.025103) (xy 0.297063 -0.034528) (xy 0.302757 -0.039261)
      (xy 0.303583 -0.039687) (xy 0.306845 -0.036934)) (layer F.SilkS) (width 0.01))
    (fp_poly (pts (xy 0.790777 -0.991434) (xy 0.988227 -0.990203) (xy -0.992187 0.990197) (xy -0.992187 -0.992187)
      (xy -0.601395 -0.992187) (xy -0.646963 -0.945555) (xy -0.665935 -0.926151) (xy -0.688266 -0.903332)
      (xy -0.711752 -0.879346) (xy -0.734194 -0.856442) (xy -0.745114 -0.845303) (xy -0.797697 -0.791685)
      (xy -0.698482 -0.692529) (xy -0.599266 -0.593373) (xy -0.399829 -0.79278) (xy -0.200393 -0.992187)
      (xy 0.195473 -0.992187) (xy -0.099139 -0.695955) (xy -0.39375 -0.399723) (xy -0.194618 -0.200591)
      (xy 0.199355 -0.596628) (xy 0.593328 -0.992663) (xy 0.790777 -0.991434)) (layer F.SilkS) (width 0.01))
  )

  (gr_line (start 152.403273 104.047623) (end 152.403035 104.04721) (layer Edge.Cuts) (width 0.15))
  (gr_line (start 152.403035 104.04721) (end 152.402743 104.046704) (layer Edge.Cuts) (width 0.15))
  (gr_line (start 152.402743 104.046704) (end 152.397934 104.038374) (layer Edge.Cuts) (width 0.15))
  (gr_line (start 152.190716 103.67946) (end 152.056064 103.446234) (layer Edge.Cuts) (width 0.15))
  (gr_line (start 152.285058 103.842867) (end 152.190716 103.67946) (layer Edge.Cuts) (width 0.15))
  (gr_line (start 152.40428 104.049366) (end 152.403273 104.047623) (layer Edge.Cuts) (width 0.15))
  (gr_line (start 152.346262 103.948875) (end 152.285058 103.842867) (layer Edge.Cuts) (width 0.15))
  (gr_line (start 152.397934 104.038374) (end 152.381497 104.009905) (layer Edge.Cuts) (width 0.15))
  (gr_line (start 151.873932 103.130771) (end 151.637149 102.720649) (layer Edge.Cuts) (width 0.15))
  (gr_line (start 152.381497 104.009905) (end 152.346262 103.948875) (layer Edge.Cuts) (width 0.15))
  (gr_line (start 152.056064 103.446234) (end 151.873932 103.130771) (layer Edge.Cuts) (width 0.15))
  (gr_line (start 142.869189 115.00648) (end 143.593574 115.00648) (layer Edge.Cuts) (width 0.15))
  (gr_line (start 136.893746 115.00648) (end 136.98431 115.00648) (layer Edge.Cuts) (width 0.15))
  (gr_line (start 142.094029 115.00648) (end 142.869189 115.00648) (layer Edge.Cuts) (width 0.15))
  (gr_line (start 141.296777 115.00648) (end 142.094029 115.00648) (layer Edge.Cuts) (width 0.15))
  (gr_line (start 140.506114 115.00648) (end 141.296777 115.00648) (layer Edge.Cuts) (width 0.15))
  (gr_line (start 136.647865 115.005279) (end 136.704593 115.006264) (layer Edge.Cuts) (width 0.15))
  (gr_line (start 136.793643 115.00648) (end 136.835343 115.00648) (layer Edge.Cuts) (width 0.15))
  (gr_line (start 136.44134 114.991744) (end 136.515039 114.998613) (layer Edge.Cuts) (width 0.15))
  (gr_line (start 136.515039 114.998613) (end 136.584281 115.002927) (layer Edge.Cuts) (width 0.15))
  (gr_line (start 138.460477 115.00648) (end 139.059282 115.00648) (layer Edge.Cuts) (width 0.15))
  (gr_line (start 139.750722 115.00648) (end 140.506114 115.00648) (layer Edge.Cuts) (width 0.15))
  (gr_line (start 136.364383 114.981724) (end 136.44134 114.991744) (layer Edge.Cuts) (width 0.15))
  (gr_line (start 139.059282 115.00648) (end 139.750722 115.00648) (layer Edge.Cuts) (width 0.15))
  (gr_line (start 136.704593 115.006264) (end 136.753264 115.006478) (layer Edge.Cuts) (width 0.15))
  (gr_line (start 136.835343 115.00648) (end 136.893746 115.00648) (layer Edge.Cuts) (width 0.15))
  (gr_line (start 137.97728 115.00648) (end 138.460477 115.00648) (layer Edge.Cuts) (width 0.15))
  (gr_line (start 137.603518 115.00648) (end 137.97728 115.00648) (layer Edge.Cuts) (width 0.15))
  (gr_line (start 137.32374 115.00648) (end 137.603518 115.00648) (layer Edge.Cuts) (width 0.15))
  (gr_line (start 136.98431 115.00648) (end 137.122489 115.00648) (layer Edge.Cuts) (width 0.15))
  (gr_line (start 137.122489 115.00648) (end 137.32374 115.00648) (layer Edge.Cuts) (width 0.15))
  (gr_line (start 136.285368 114.967957) (end 136.364383 114.981724) (layer Edge.Cuts) (width 0.15))
  (gr_line (start 136.205495 114.949851) (end 136.285368 114.967957) (layer Edge.Cuts) (width 0.15))
  (gr_line (start 136.753264 115.006478) (end 136.793643 115.00648) (layer Edge.Cuts) (width 0.15))
  (gr_line (start 136.584281 115.002927) (end 136.647865 115.005279) (layer Edge.Cuts) (width 0.15))
  (gr_line (start 144.238502 115.00648) (end 144.776006 115.00648) (layer Edge.Cuts) (width 0.15))
  (gr_line (start 143.593574 115.00648) (end 144.238502 115.00648) (layer Edge.Cuts) (width 0.15))
  (gr_line (start 130.242563 105.327878) (end 130.261139 105.408777) (layer Edge.Cuts) (width 0.15))
  (gr_line (start 130.410411 104.309479) (end 130.379525 104.371599) (layer Edge.Cuts) (width 0.15))
  (gr_line (start 130.777068 103.66732) (end 130.676442 103.841608) (layer Edge.Cuts) (width 0.15))
  (gr_line (start 132.763591 100.226556) (end 132.368259 100.911293) (layer Edge.Cuts) (width 0.15))
  (gr_line (start 130.291235 104.585823) (end 130.266979 104.664047) (layer Edge.Cuts) (width 0.15))
  (gr_line (start 130.440168 104.25324) (end 130.410411 104.309479) (layer Edge.Cuts) (width 0.15))
  (gr_line (start 130.607352 103.961275) (end 130.56207 104.039705) (layer Edge.Cuts) (width 0.15))
  (gr_line (start 133.549799 98.864803) (end 133.162218 99.536113) (layer Edge.Cuts) (width 0.15))
  (gr_line (start 130.219829 105.162004) (end 130.228793 105.245471) (layer Edge.Cuts) (width 0.15))
  (gr_line (start 130.379525 104.371599) (end 130.348624 104.438857) (layer Edge.Cuts) (width 0.15))
  (gr_line (start 131.644841 102.164291) (end 131.345438 102.682873) (layer Edge.Cuts) (width 0.15))
  (gr_line (start 130.340414 105.636554) (end 130.371128 105.705075) (layer Edge.Cuts) (width 0.15))
  (gr_line (start 134.714273 96.847873) (end 134.50321 97.213445) (layer Edge.Cuts) (width 0.15))
  (gr_line (start 130.215673 105.077925) (end 130.219829 105.162004) (layer Edge.Cuts) (width 0.15))
  (gr_line (start 134.234457 97.678939) (end 133.911992 98.237465) (layer Edge.Cuts) (width 0.15))
  (gr_line (start 130.402129 105.768659) (end 130.4323 105.826563) (layer Edge.Cuts) (width 0.15))
