(kicad_pcb (version 20171130) (host pcbnew 5.0.2-5.fc29)

  (general
    (thickness 1.6)
    (drawings 239)
    (tracks 147)
    (zones 0)
    (modules 16)
    (nets 17)
  )

  (page A4)
  (layers
    (0 F.Cu signal)
    (31 B.Cu signal)
    (32 B.Adhes user)
    (33 F.Adhes user)
    (34 B.Paste user)
    (35 F.Paste user)
    (36 B.SilkS user)
    (37 F.SilkS user)
    (38 B.Mask user)
    (39 F.Mask user)
    (40 Dwgs.User user)
    (41 Cmts.User user)
    (42 Eco1.User user)
    (43 Eco2.User user)
    (44 Edge.Cuts user)
    (45 Margin user)
    (46 B.CrtYd user)
    (47 F.CrtYd user)
    (48 B.Fab user)
    (49 F.Fab user)
  )

  (setup
    (last_trace_width 0.25)
    (user_trace_width 0.15)
    (user_trace_width 0.2)
    (user_trace_width 0.25)
    (user_trace_width 0.3)
    (user_trace_width 0.4)
    (user_trace_width 0.5)
    (user_trace_width 0.6)
    (trace_clearance 0.2)
    (zone_clearance 0.25)
    (zone_45_only no)
    (trace_min 0.15)
    (segment_width 0.2)
    (edge_width 0.15)
    (via_size 0.6)
    (via_drill 0.3)
    (via_min_size 0.6)
    (via_min_drill 0.3)
    (user_via 0.6 0.3)
    (uvia_size 0.3)
    (uvia_drill 0.1)
    (uvias_allowed no)
    (uvia_min_size 0.2)
    (uvia_min_drill 0.1)
    (pcb_text_width 0.3)
    (pcb_text_size 1.5 1.5)
    (mod_edge_width 0.15)
    (mod_text_size 1 1)
    (mod_text_width 0.15)
    (pad_size 1.524 1.524)
    (pad_drill 0.762)
    (pad_to_mask_clearance 0.2)
    (solder_mask_min_width 0.25)
    (aux_axis_origin 0 0)
    (visible_elements 7FFFFFFF)
    (pcbplotparams
      (layerselection 0x010fc_ffffffff)
      (usegerberextensions false)
      (usegerberattributes false)
      (usegerberadvancedattributes false)
      (creategerberjobfile false)
      (excludeedgelayer true)
      (linewidth 0.100000)
      (plotframeref false)
      (viasonmask false)
      (mode 1)
      (useauxorigin false)
      (hpglpennumber 1)
      (hpglpenspeed 20)
      (hpglpendiameter 15.000000)
      (psnegative false)
      (psa4output false)
      (plotreference true)
      (plotvalue true)
      (plotinvisibletext false)
      (padsonsilk false)
      (subtractmaskfromsilk false)
      (outputformat 1)
      (mirror false)
      (drillshape 0)
      (scaleselection 1)
      (outputdirectory "gerber/"))
  )

  (net 0 "")
  (net 1 VCC)
  (net 2 GND)
  (net 3 +3V3)
  (net 4 SDA_VIN)
  (net 5 SCL_VIN)
  (net 6 SDA_3V3)
  (net 7 SCL_3V3)
  (net 8 "Net-(R5-Pad1)")
  (net 9 "Net-(U1-Pad4)")
  (net 10 "Net-(U2-Pad9)")
  (net 11 "Net-(U2-Pad11)")
  (net 12 "Net-(U2-Pad13)")
  (net 13 "Net-(U2-Pad3)")
  (net 14 "Net-(U2-Pad2)")
  (net 15 "Net-(U2-Pad16)")
  (net 16 "Net-(U2-Pad15)")

  (net_class Default "This is the default net class."
    (clearance 0.2)
    (trace_width 0.25)
    (via_dia 0.6)
    (via_drill 0.3)
    (uvia_dia 0.3)
    (uvia_drill 0.1)
    (add_net +3V3)
    (add_net GND)
    (add_net "Net-(R5-Pad1)")
    (add_net "Net-(U1-Pad4)")
    (add_net "Net-(U2-Pad11)")
    (add_net "Net-(U2-Pad13)")
    (add_net "Net-(U2-Pad15)")
    (add_net "Net-(U2-Pad16)")
    (add_net "Net-(U2-Pad2)")
    (add_net "Net-(U2-Pad3)")
    (add_net "Net-(U2-Pad9)")
    (add_net SCL_3V3)
    (add_net SCL_VIN)
    (add_net SDA_3V3)
    (add_net SDA_VIN)
    (add_net VCC)
  )

  (module MountingHole:MountingHole_3mm locked (layer F.Cu) (tedit 5C757F5C) (tstamp 5C758F8A)
    (at 159 100)
    (descr "Mounting Hole 3mm, no annular")
    (tags "mounting hole 3mm no annular")
    (attr virtual)
    (fp_text reference REF** (at 0 -4) (layer F.SilkS) hide
      (effects (font (size 1 1) (thickness 0.15)))
    )
    (fp_text value MountingHole_3mm (at 0 4) (layer F.Fab)
      (effects (font (size 1 1) (thickness 0.15)))
    )
    (fp_text user %R (at 0.3 0) (layer F.Fab)
      (effects (font (size 1 1) (thickness 0.15)))
    )
    (fp_circle (center 0 0) (end 3 0) (layer Cmts.User) (width 0.15))
    (fp_circle (center 0 0) (end 3.25 0) (layer F.CrtYd) (width 0.05))
    (pad 1 np_thru_hole circle (at 0 0) (size 3 3) (drill 3) (layers *.Cu *.Mask))
  )

  (module GiraffeTech-Vishay:LIS3DH (layer F.Cu) (tedit 5B277612) (tstamp 5B330CFD)
    (at 146.5 100)
    (path /5B2786A1)
    (fp_text reference U2 (at -0.1 -2.3) (layer F.SilkS) hide
      (effects (font (size 1 1) (thickness 0.15)))
    )
    (fp_text value LIS3DH (at 0 2.4) (layer F.Fab)
      (effects (font (size 1 1) (thickness 0.15)))
    )
    (fp_circle (center -0.9 -1.3) (end -0.8 -1.3) (layer F.SilkS) (width 0.05))
    (fp_line (start -1.2 -1.5) (end 1.5 -1.5) (layer F.SilkS) (width 0.15))
    (fp_line (start 1.5 -1.5) (end 1.5 1.5) (layer F.SilkS) (width 0.15))
    (fp_line (start 1.5 1.5) (end -1.5 1.5) (layer F.SilkS) (width 0.15))
    (fp_line (start -1.5 1.5) (end -1.5 -1.1) (layer F.SilkS) (width 0.15))
    (pad 9 smd rect (at 1.225 1) (size 0.35 0.25) (layers F.Cu F.Paste F.Mask)
      (net 10 "Net-(U2-Pad9)"))
    (pad 10 smd rect (at 1.225 0.5) (size 0.35 0.25) (layers F.Cu F.Paste F.Mask)
      (net 2 GND))
    (pad 11 smd rect (at 1.225 0) (size 0.35 0.25) (layers F.Cu F.Paste F.Mask)
      (net 11 "Net-(U2-Pad11)"))
    (pad 12 smd rect (at 1.225 -0.5) (size 0.35 0.25) (layers F.Cu F.Paste F.Mask)
      (net 2 GND))
    (pad 13 smd rect (at 1.225 -1) (size 0.35 0.25) (layers F.Cu F.Paste F.Mask)
      (net 12 "Net-(U2-Pad13)"))
    (pad 5 smd rect (at -1.225 1) (size 0.35 0.25) (layers F.Cu F.Paste F.Mask)
      (net 2 GND))
    (pad 4 smd rect (at -1.225 0.5) (size 0.35 0.25) (layers F.Cu F.Paste F.Mask)
      (net 7 SCL_3V3))
    (pad 3 smd rect (at -1.225 0) (size 0.35 0.25) (layers F.Cu F.Paste F.Mask)
      (net 13 "Net-(U2-Pad3)"))
    (pad 2 smd rect (at -1.225 -0.5) (size 0.35 0.25) (layers F.Cu F.Paste F.Mask)
      (net 14 "Net-(U2-Pad2)"))
    (pad 1 smd rect (at -1.225 -1) (size 0.35 0.25) (layers F.Cu F.Paste F.Mask)
      (net 3 +3V3))
    (pad 16 smd rect (at -0.5 -1.275) (size 0.25 0.35) (layers F.Cu F.Paste F.Mask)
      (net 15 "Net-(U2-Pad16)"))
    (pad 15 smd rect (at 0 -1.275) (size 0.25 0.35) (layers F.Cu F.Paste F.Mask)
      (net 16 "Net-(U2-Pad15)"))
    (pad 14 smd rect (at 0.5 -1.275) (size 0.25 0.35) (layers F.Cu F.Paste F.Mask)
      (net 3 +3V3))
    (pad 6 smd rect (at -0.5 1.275) (size 0.25 0.35) (layers F.Cu F.Paste F.Mask)
      (net 6 SDA_3V3))
    (pad 7 smd rect (at 0 1.275) (size 0.25 0.35) (layers F.Cu F.Paste F.Mask)
      (net 2 GND))
    (pad 8 smd rect (at 0.5 1.275) (size 0.25 0.35) (layers F.Cu F.Paste F.Mask)
      (net 8 "Net-(R5-Pad1)"))
  )

  (module Capacitor_Tantalum_SMD:CP_EIA-3216-12_Kemet-S (layer F.Cu) (tedit 5B27760B) (tstamp 5B330CDA)
    (at 146.5 96.75)
    (descr "Tantalum Capacitor SMD Kemet-S (3216-12 Metric), IPC_7351 nominal, (Body size from: http://www.kemet.com/Lists/ProductCatalog/Attachments/253/KEM_TC101_STD.pdf), generated with kicad-footprint-generator")
    (tags "capacitor tantalum")
    (path /5B2784A6)
    (attr smd)
    (fp_text reference C4 (at 0 -1.75) (layer F.SilkS) hide
      (effects (font (size 1 1) (thickness 0.15)))
    )
    (fp_text value 22uF (at 0 1.75) (layer F.Fab)
      (effects (font (size 1 1) (thickness 0.15)))
    )
    (fp_line (start 1.6 -0.8) (end -1.2 -0.8) (layer F.Fab) (width 0.1))
    (fp_line (start -1.2 -0.8) (end -1.6 -0.4) (layer F.Fab) (width 0.1))
    (fp_line (start -1.6 -0.4) (end -1.6 0.8) (layer F.Fab) (width 0.1))
    (fp_line (start -1.6 0.8) (end 1.6 0.8) (layer F.Fab) (width 0.1))
    (fp_line (start 1.6 0.8) (end 1.6 -0.8) (layer F.Fab) (width 0.1))
    (fp_line (start 1.6 -1.06) (end -2.32 -1.06) (layer F.SilkS) (width 0.12))
    (fp_line (start -2.32 -1.06) (end -2.32 1.06) (layer F.SilkS) (width 0.12))
    (fp_line (start -2.32 1.06) (end 1.6 1.06) (layer F.SilkS) (width 0.12))
    (fp_line (start -2.31 1.05) (end -2.31 -1.05) (layer F.CrtYd) (width 0.05))
    (fp_line (start -2.31 -1.05) (end 2.31 -1.05) (layer F.CrtYd) (width 0.05))
    (fp_line (start 2.31 -1.05) (end 2.31 1.05) (layer F.CrtYd) (width 0.05))
    (fp_line (start 2.31 1.05) (end -2.31 1.05) (layer F.CrtYd) (width 0.05))
    (fp_text user %R (at 0 0) (layer F.Fab)
      (effects (font (size 0.8 0.8) (thickness 0.12)))
    )
    (pad 1 smd rect (at -1.38 0) (size 1.36 1.4) (layers F.Cu F.Paste F.Mask)
      (net 3 +3V3))
    (pad 2 smd rect (at 1.38 0) (size 1.36 1.4) (layers F.Cu F.Paste F.Mask)
      (net 2 GND))
    (model ${KISYS3DMOD}/Capacitor_Tantalum_SMD.3dshapes/CP_EIA-3216-12_Kemet-S.wrl
      (at (xyz 0 0 0))
      (scale (xyz 1 1 1))
      (rotate (xyz 0 0 0))
    )
  )

  (module Capacitor_SMD:C_0603_1608Metric (layer F.Cu) (tedit 5ACA03CC) (tstamp 5AD5B917)
    (at 150.5 97 180)
    (descr "Capacitor SMD 0603 (1608 Metric), square (rectangular) end terminal, IPC_7351 nominal, (Body size source: http://www.tortai-tech.com/upload/download/2011102023233369053.pdf), generated with kicad-footprint-generator")
    (tags capacitor)
    (path /5ACF09BA)
    (attr smd)
    (fp_text reference C1 (at 3 0 180) (layer F.SilkS) hide
      (effects (font (size 1 1) (thickness 0.15)))
    )
    (fp_text value 1uF (at 0 1.65 180) (layer F.Fab)
      (effects (font (size 1 1) (thickness 0.15)))
    )
    (fp_line (start -0.8 0.4) (end -0.8 -0.4) (layer F.Fab) (width 0.1))
    (fp_line (start -0.8 -0.4) (end 0.8 -0.4) (layer F.Fab) (width 0.1))
    (fp_line (start 0.8 -0.4) (end 0.8 0.4) (layer F.Fab) (width 0.1))
    (fp_line (start 0.8 0.4) (end -0.8 0.4) (layer F.Fab) (width 0.1))
    (fp_line (start -0.22 -0.51) (end 0.22 -0.51) (layer F.SilkS) (width 0.12))
    (fp_line (start -0.22 0.51) (end 0.22 0.51) (layer F.SilkS) (width 0.12))
    (fp_line (start -1.46 0.75) (end -1.46 -0.75) (layer F.CrtYd) (width 0.05))
    (fp_line (start -1.46 -0.75) (end 1.46 -0.75) (layer F.CrtYd) (width 0.05))
    (fp_line (start 1.46 -0.75) (end 1.46 0.75) (layer F.CrtYd) (width 0.05))
    (fp_line (start 1.46 0.75) (end -1.46 0.75) (layer F.CrtYd) (width 0.05))
    (fp_text user %R (at 0 0 180) (layer F.Fab)
      (effects (font (size 0.5 0.5) (thickness 0.08)))
    )
    (pad 1 smd rect (at -0.875 0 180) (size 0.67 1) (layers F.Cu F.Paste F.Mask)
      (net 1 VCC))
    (pad 2 smd rect (at 0.875 0 180) (size 0.67 1) (layers F.Cu F.Paste F.Mask)
      (net 2 GND))
    (model ${KISYS3DMOD}/Capacitor_SMD.3dshapes/C_0603_1608Metric.wrl
      (at (xyz 0 0 0))
      (scale (xyz 1 1 1))
      (rotate (xyz 0 0 0))
    )
  )

  (module Capacitor_SMD:C_0603_1608Metric (layer F.Cu) (tedit 5ACA03CF) (tstamp 5AD5B928)
    (at 150.5 103 180)
    (descr "Capacitor SMD 0603 (1608 Metric), square (rectangular) end terminal, IPC_7351 nominal, (Body size source: http://www.tortai-tech.com/upload/download/2011102023233369053.pdf), generated with kicad-footprint-generator")
    (tags capacitor)
    (path /5ACF54F7)
    (attr smd)
    (fp_text reference C2 (at 0 -1.65 180) (layer F.SilkS) hide
      (effects (font (size 1 1) (thickness 0.15)))
    )
    (fp_text value 1uF (at 0 1.65 180) (layer F.Fab)
      (effects (font (size 1 1) (thickness 0.15)))
    )
    (fp_text user %R (at 0 0 180) (layer F.Fab)
      (effects (font (size 0.5 0.5) (thickness 0.08)))
    )
    (fp_line (start 1.46 0.75) (end -1.46 0.75) (layer F.CrtYd) (width 0.05))
    (fp_line (start 1.46 -0.75) (end 1.46 0.75) (layer F.CrtYd) (width 0.05))
    (fp_line (start -1.46 -0.75) (end 1.46 -0.75) (layer F.CrtYd) (width 0.05))
    (fp_line (start -1.46 0.75) (end -1.46 -0.75) (layer F.CrtYd) (width 0.05))
    (fp_line (start -0.22 0.51) (end 0.22 0.51) (layer F.SilkS) (width 0.12))
    (fp_line (start -0.22 -0.51) (end 0.22 -0.51) (layer F.SilkS) (width 0.12))
    (fp_line (start 0.8 0.4) (end -0.8 0.4) (layer F.Fab) (width 0.1))
    (fp_line (start 0.8 -0.4) (end 0.8 0.4) (layer F.Fab) (width 0.1))
    (fp_line (start -0.8 -0.4) (end 0.8 -0.4) (layer F.Fab) (width 0.1))
    (fp_line (start -0.8 0.4) (end -0.8 -0.4) (layer F.Fab) (width 0.1))
    (pad 2 smd rect (at 0.875 0 180) (size 0.67 1) (layers F.Cu F.Paste F.Mask)
      (net 2 GND))
    (pad 1 smd rect (at -0.875 0 180) (size 0.67 1) (layers F.Cu F.Paste F.Mask)
      (net 3 +3V3))
    (model ${KISYS3DMOD}/Capacitor_SMD.3dshapes/C_0603_1608Metric.wrl
      (at (xyz 0 0 0))
      (scale (xyz 1 1 1))
      (rotate (xyz 0 0 0))
    )
  )

  (module Capacitor_SMD:C_0603_1608Metric (layer F.Cu) (tedit 5ACA0477) (tstamp 5AD5B939)
    (at 145.5 104 270)
    (descr "Capacitor SMD 0603 (1608 Metric), square (rectangular) end terminal, IPC_7351 nominal, (Body size source: http://www.tortai-tech.com/upload/download/2011102023233369053.pdf), generated with kicad-footprint-generator")
    (tags capacitor)
    (path /5ACF0F77)
    (attr smd)
    (fp_text reference C3 (at 0 -1.65 270) (layer F.SilkS) hide
      (effects (font (size 1 1) (thickness 0.15)))
    )
    (fp_text value 0.1uF (at 0 1.65 270) (layer F.Fab)
      (effects (font (size 1 1) (thickness 0.15)))
    )
    (fp_text user %R (at 0 0 270) (layer F.Fab)
      (effects (font (size 0.5 0.5) (thickness 0.08)))
    )
    (fp_line (start 1.46 0.75) (end -1.46 0.75) (layer F.CrtYd) (width 0.05))
    (fp_line (start 1.46 -0.75) (end 1.46 0.75) (layer F.CrtYd) (width 0.05))
    (fp_line (start -1.46 -0.75) (end 1.46 -0.75) (layer F.CrtYd) (width 0.05))
    (fp_line (start -1.46 0.75) (end -1.46 -0.75) (layer F.CrtYd) (width 0.05))
    (fp_line (start -0.22 0.51) (end 0.22 0.51) (layer F.SilkS) (width 0.12))
    (fp_line (start -0.22 -0.51) (end 0.22 -0.51) (layer F.SilkS) (width 0.12))
    (fp_line (start 0.8 0.4) (end -0.8 0.4) (layer F.Fab) (width 0.1))
    (fp_line (start 0.8 -0.4) (end 0.8 0.4) (layer F.Fab) (width 0.1))
    (fp_line (start -0.8 -0.4) (end 0.8 -0.4) (layer F.Fab) (width 0.1))
    (fp_line (start -0.8 0.4) (end -0.8 -0.4) (layer F.Fab) (width 0.1))
    (pad 2 smd rect (at 0.875 0 270) (size 0.67 1) (layers F.Cu F.Paste F.Mask)
      (net 2 GND))
    (pad 1 smd rect (at -0.875 0 270) (size 0.67 1) (layers F.Cu F.Paste F.Mask)
      (net 3 +3V3))
    (model ${KISYS3DMOD}/Capacitor_SMD.3dshapes/C_0603_1608Metric.wrl
      (at (xyz 0 0 0))
      (scale (xyz 1 1 1))
      (rotate (xyz 0 0 0))
    )
  )

  (module Package_TO_SOT_SMD:SOT-23 (layer F.Cu) (tedit 5ACA03A8) (tstamp 5AD5B990)
    (at 142.55 100 90)
    (descr "SOT-23, Standard")
    (tags SOT-23)
    (path /5ACF9341)
    (attr smd)
    (fp_text reference Q1 (at 0 -2.5 90) (layer F.SilkS) hide
      (effects (font (size 1 1) (thickness 0.15)))
    )
    (fp_text value BSS138 (at 0 2.5 90) (layer F.Fab)
      (effects (font (size 1 1) (thickness 0.15)))
    )
    (fp_text user %R (at 0 0 180) (layer F.Fab)
      (effects (font (size 0.5 0.5) (thickness 0.075)))
    )
    (fp_line (start -0.7 -0.95) (end -0.7 1.5) (layer F.Fab) (width 0.1))
    (fp_line (start -0.15 -1.52) (end 0.7 -1.52) (layer F.Fab) (width 0.1))
    (fp_line (start -0.7 -0.95) (end -0.15 -1.52) (layer F.Fab) (width 0.1))
    (fp_line (start 0.7 -1.52) (end 0.7 1.52) (layer F.Fab) (width 0.1))
    (fp_line (start -0.7 1.52) (end 0.7 1.52) (layer F.Fab) (width 0.1))
    (fp_line (start 0.76 1.58) (end 0.76 0.65) (layer F.SilkS) (width 0.12))
    (fp_line (start 0.76 -1.58) (end 0.76 -0.65) (layer F.SilkS) (width 0.12))
    (fp_line (start -1.7 -1.75) (end 1.7 -1.75) (layer F.CrtYd) (width 0.05))
    (fp_line (start 1.7 -1.75) (end 1.7 1.75) (layer F.CrtYd) (width 0.05))
    (fp_line (start 1.7 1.75) (end -1.7 1.75) (layer F.CrtYd) (width 0.05))
    (fp_line (start -1.7 1.75) (end -1.7 -1.75) (layer F.CrtYd) (width 0.05))
    (fp_line (start 0.76 -1.58) (end -1.4 -1.58) (layer F.SilkS) (width 0.12))
    (fp_line (start 0.76 1.58) (end -0.7 1.58) (layer F.SilkS) (width 0.12))
    (pad 1 smd rect (at -1 -0.95 90) (size 0.9 0.8) (layers F.Cu F.Paste F.Mask)
      (net 3 +3V3))
    (pad 2 smd rect (at -1 0.95 90) (size 0.9 0.8) (layers F.Cu F.Paste F.Mask)
      (net 6 SDA_3V3))
    (pad 3 smd rect (at 1 0 90) (size 0.9 0.8) (layers F.Cu F.Paste F.Mask)
      (net 4 SDA_VIN))
    (model ${KISYS3DMOD}/Package_TO_SOT_SMD.3dshapes/SOT-23.wrl
      (at (xyz 0 0 0))
      (scale (xyz 1 1 1))
      (rotate (xyz 0 0 0))
    )
  )

  (module Package_TO_SOT_SMD:SOT-23 (layer F.Cu) (tedit 5ACA03D2) (tstamp 5AD5B9A5)
    (at 139 100 90)
    (descr "SOT-23, Standard")
    (tags SOT-23)
    (path /5ACFEB66)
    (attr smd)
    (fp_text reference Q2 (at 0 -2.5 90) (layer F.SilkS) hide
      (effects (font (size 1 1) (thickness 0.15)))
    )
    (fp_text value BSS138 (at 0 2.5 90) (layer F.Fab)
      (effects (font (size 1 1) (thickness 0.15)))
    )
    (fp_line (start 0.76 1.58) (end -0.7 1.58) (layer F.SilkS) (width 0.12))
    (fp_line (start 0.76 -1.58) (end -1.4 -1.58) (layer F.SilkS) (width 0.12))
    (fp_line (start -1.7 1.75) (end -1.7 -1.75) (layer F.CrtYd) (width 0.05))
    (fp_line (start 1.7 1.75) (end -1.7 1.75) (layer F.CrtYd) (width 0.05))
    (fp_line (start 1.7 -1.75) (end 1.7 1.75) (layer F.CrtYd) (width 0.05))
    (fp_line (start -1.7 -1.75) (end 1.7 -1.75) (layer F.CrtYd) (width 0.05))
    (fp_line (start 0.76 -1.58) (end 0.76 -0.65) (layer F.SilkS) (width 0.12))
    (fp_line (start 0.76 1.58) (end 0.76 0.65) (layer F.SilkS) (width 0.12))
    (fp_line (start -0.7 1.52) (end 0.7 1.52) (layer F.Fab) (width 0.1))
    (fp_line (start 0.7 -1.52) (end 0.7 1.52) (layer F.Fab) (width 0.1))
    (fp_line (start -0.7 -0.95) (end -0.15 -1.52) (layer F.Fab) (width 0.1))
    (fp_line (start -0.15 -1.52) (end 0.7 -1.52) (layer F.Fab) (width 0.1))
    (fp_line (start -0.7 -0.95) (end -0.7 1.5) (layer F.Fab) (width 0.1))
    (fp_text user %R (at 0 0 180) (layer F.Fab)
      (effects (font (size 0.5 0.5) (thickness 0.075)))
    )
    (pad 3 smd rect (at 1 0 90) (size 0.9 0.8) (layers F.Cu F.Paste F.Mask)
      (net 5 SCL_VIN))
    (pad 2 smd rect (at -1 0.95 90) (size 0.9 0.8) (layers F.Cu F.Paste F.Mask)
      (net 7 SCL_3V3))
    (pad 1 smd rect (at -1 -0.95 90) (size 0.9 0.8) (layers F.Cu F.Paste F.Mask)
      (net 3 +3V3))
    (model ${KISYS3DMOD}/Package_TO_SOT_SMD.3dshapes/SOT-23.wrl
      (at (xyz 0 0 0))
      (scale (xyz 1 1 1))
      (rotate (xyz 0 0 0))
    )
  )

  (module Resistor_SMD:R_0603_1608Metric (layer F.Cu) (tedit 5ACA03A5) (tstamp 5AD5B9B6)
    (at 142.5 103)
    (descr "Resistor SMD 0603 (1608 Metric), square (rectangular) end terminal, IPC_7351 nominal, (Body size source: http://www.tortai-tech.com/upload/download/2011102023233369053.pdf), generated with kicad-footprint-generator")
    (tags resistor)
    (path /5ACF9560)
    (attr smd)
    (fp_text reference R1 (at -2 0) (layer F.SilkS) hide
      (effects (font (size 1 1) (thickness 0.15)))
    )
    (fp_text value 10K (at 0 1.65) (layer F.Fab)
      (effects (font (size 1 1) (thickness 0.15)))
    )
    (fp_line (start -0.8 0.4) (end -0.8 -0.4) (layer F.Fab) (width 0.1))
    (fp_line (start -0.8 -0.4) (end 0.8 -0.4) (layer F.Fab) (width 0.1))
    (fp_line (start 0.8 -0.4) (end 0.8 0.4) (layer F.Fab) (width 0.1))
    (fp_line (start 0.8 0.4) (end -0.8 0.4) (layer F.Fab) (width 0.1))
    (fp_line (start -0.22 -0.51) (end 0.22 -0.51) (layer F.SilkS) (width 0.12))
    (fp_line (start -0.22 0.51) (end 0.22 0.51) (layer F.SilkS) (width 0.12))
    (fp_line (start -1.46 0.75) (end -1.46 -0.75) (layer F.CrtYd) (width 0.05))
    (fp_line (start -1.46 -0.75) (end 1.46 -0.75) (layer F.CrtYd) (width 0.05))
    (fp_line (start 1.46 -0.75) (end 1.46 0.75) (layer F.CrtYd) (width 0.05))
    (fp_line (start 1.46 0.75) (end -1.46 0.75) (layer F.CrtYd) (width 0.05))
    (fp_text user %R (at 0 0) (layer F.Fab)
      (effects (font (size 0.5 0.5) (thickness 0.08)))
    )
    (pad 1 smd rect (at -0.875 0) (size 0.67 1) (layers F.Cu F.Paste F.Mask)
      (net 3 +3V3))
    (pad 2 smd rect (at 0.875 0) (size 0.67 1) (layers F.Cu F.Paste F.Mask)
      (net 6 SDA_3V3))
    (model ${KISYS3DMOD}/Resistor_SMD.3dshapes/R_0603_1608Metric.wrl
      (at (xyz 0 0 0))
      (scale (xyz 1 1 1))
      (rotate (xyz 0 0 0))
    )
  )

  (module Resistor_SMD:R_0603_1608Metric (layer F.Cu) (tedit 5ACA03D8) (tstamp 5AD5B9C7)
    (at 139 103)
    (descr "Resistor SMD 0603 (1608 Metric), square (rectangular) end terminal, IPC_7351 nominal, (Body size source: http://www.tortai-tech.com/upload/download/2011102023233369053.pdf), generated with kicad-footprint-generator")
    (tags resistor)
    (path /5ACFEB72)
    (attr smd)
    (fp_text reference R2 (at 0 -1.65) (layer F.SilkS) hide
      (effects (font (size 1 1) (thickness 0.15)))
    )
    (fp_text value 10K (at 0 1.65) (layer F.Fab)
      (effects (font (size 1 1) (thickness 0.15)))
    )
    (fp_line (start -0.8 0.4) (end -0.8 -0.4) (layer F.Fab) (width 0.1))
    (fp_line (start -0.8 -0.4) (end 0.8 -0.4) (layer F.Fab) (width 0.1))
    (fp_line (start 0.8 -0.4) (end 0.8 0.4) (layer F.Fab) (width 0.1))
    (fp_line (start 0.8 0.4) (end -0.8 0.4) (layer F.Fab) (width 0.1))
    (fp_line (start -0.22 -0.51) (end 0.22 -0.51) (layer F.SilkS) (width 0.12))
    (fp_line (start -0.22 0.51) (end 0.22 0.51) (layer F.SilkS) (width 0.12))
    (fp_line (start -1.46 0.75) (end -1.46 -0.75) (layer F.CrtYd) (width 0.05))
    (fp_line (start -1.46 -0.75) (end 1.46 -0.75) (layer F.CrtYd) (width 0.05))
    (fp_line (start 1.46 -0.75) (end 1.46 0.75) (layer F.CrtYd) (width 0.05))
    (fp_line (start 1.46 0.75) (end -1.46 0.75) (layer F.CrtYd) (width 0.05))
    (fp_text user %R (at -0.337381 -0.0075) (layer F.Fab)
      (effects (font (size 0.5 0.5) (thickness 0.08)))
    )
    (pad 1 smd rect (at -0.875 0) (size 0.67 1) (layers F.Cu F.Paste F.Mask)
      (net 3 +3V3))
    (pad 2 smd rect (at 0.875 0) (size 0.67 1) (layers F.Cu F.Paste F.Mask)
      (net 7 SCL_3V3))
    (model ${KISYS3DMOD}/Resistor_SMD.3dshapes/R_0603_1608Metric.wrl
      (at (xyz 0 0 0))
      (scale (xyz 1 1 1))
      (rotate (xyz 0 0 0))
    )
  )

  (module Resistor_SMD:R_0603_1608Metric (layer F.Cu) (tedit 5ACA03AD) (tstamp 5AD5B9D8)
    (at 142.5 97)
    (descr "Resistor SMD 0603 (1608 Metric), square (rectangular) end terminal, IPC_7351 nominal, (Body size source: http://www.tortai-tech.com/upload/download/2011102023233369053.pdf), generated with kicad-footprint-generator")
    (tags resistor)
    (path /5ACFCA7C)
    (attr smd)
    (fp_text reference R3 (at 0 -1.65) (layer F.SilkS) hide
      (effects (font (size 1 1) (thickness 0.15)))
    )
    (fp_text value 10K (at 0 1.65) (layer F.Fab)
      (effects (font (size 1 1) (thickness 0.15)))
    )
    (fp_text user %R (at 0 0) (layer F.Fab)
      (effects (font (size 0.5 0.5) (thickness 0.08)))
    )
    (fp_line (start 1.46 0.75) (end -1.46 0.75) (layer F.CrtYd) (width 0.05))
    (fp_line (start 1.46 -0.75) (end 1.46 0.75) (layer F.CrtYd) (width 0.05))
    (fp_line (start -1.46 -0.75) (end 1.46 -0.75) (layer F.CrtYd) (width 0.05))
    (fp_line (start -1.46 0.75) (end -1.46 -0.75) (layer F.CrtYd) (width 0.05))
    (fp_line (start -0.22 0.51) (end 0.22 0.51) (layer F.SilkS) (width 0.12))
    (fp_line (start -0.22 -0.51) (end 0.22 -0.51) (layer F.SilkS) (width 0.12))
    (fp_line (start 0.8 0.4) (end -0.8 0.4) (layer F.Fab) (width 0.1))
    (fp_line (start 0.8 -0.4) (end 0.8 0.4) (layer F.Fab) (width 0.1))
    (fp_line (start -0.8 -0.4) (end 0.8 -0.4) (layer F.Fab) (width 0.1))
    (fp_line (start -0.8 0.4) (end -0.8 -0.4) (layer F.Fab) (width 0.1))
    (pad 2 smd rect (at 0.875 0) (size 0.67 1) (layers F.Cu F.Paste F.Mask)
      (net 4 SDA_VIN))
    (pad 1 smd rect (at -0.875 0) (size 0.67 1) (layers F.Cu F.Paste F.Mask)
      (net 1 VCC))
    (model ${KISYS3DMOD}/Resistor_SMD.3dshapes/R_0603_1608Metric.wrl
      (at (xyz 0 0 0))
      (scale (xyz 1 1 1))
      (rotate (xyz 0 0 0))
    )
  )

  (module Resistor_SMD:R_0603_1608Metric (layer F.Cu) (tedit 5ACA03DC) (tstamp 5AD5B9E9)
    (at 139 97 180)
    (descr "Resistor SMD 0603 (1608 Metric), square (rectangular) end terminal, IPC_7351 nominal, (Body size source: http://www.tortai-tech.com/upload/download/2011102023233369053.pdf), generated with kicad-footprint-generator")
    (tags resistor)
    (path /5ACFEB84)
    (attr smd)
    (fp_text reference R4 (at 0 -1.65 180) (layer F.SilkS) hide
      (effects (font (size 1 1) (thickness 0.15)))
    )
    (fp_text value 10K (at 0 1.65 180) (layer F.Fab)
      (effects (font (size 1 1) (thickness 0.15)))
    )
    (fp_text user %R (at 0 0 180) (layer F.Fab)
      (effects (font (size 0.5 0.5) (thickness 0.08)))
    )
    (fp_line (start 1.46 0.75) (end -1.46 0.75) (layer F.CrtYd) (width 0.05))
    (fp_line (start 1.46 -0.75) (end 1.46 0.75) (layer F.CrtYd) (width 0.05))
    (fp_line (start -1.46 -0.75) (end 1.46 -0.75) (layer F.CrtYd) (width 0.05))
    (fp_line (start -1.46 0.75) (end -1.46 -0.75) (layer F.CrtYd) (width 0.05))
    (fp_line (start -0.22 0.51) (end 0.22 0.51) (layer F.SilkS) (width 0.12))
    (fp_line (start -0.22 -0.51) (end 0.22 -0.51) (layer F.SilkS) (width 0.12))
    (fp_line (start 0.8 0.4) (end -0.8 0.4) (layer F.Fab) (width 0.1))
    (fp_line (start 0.8 -0.4) (end 0.8 0.4) (layer F.Fab) (width 0.1))
    (fp_line (start -0.8 -0.4) (end 0.8 -0.4) (layer F.Fab) (width 0.1))
    (fp_line (start -0.8 0.4) (end -0.8 -0.4) (layer F.Fab) (width 0.1))
    (pad 2 smd rect (at 0.875 0 180) (size 0.67 1) (layers F.Cu F.Paste F.Mask)
      (net 5 SCL_VIN))
    (pad 1 smd rect (at -0.875 0 180) (size 0.67 1) (layers F.Cu F.Paste F.Mask)
      (net 1 VCC))
    (model ${KISYS3DMOD}/Resistor_SMD.3dshapes/R_0603_1608Metric.wrl
      (at (xyz 0 0 0))
      (scale (xyz 1 1 1))
      (rotate (xyz 0 0 0))
    )
  )

  (module Package_TO_SOT_SMD:SOT-23-5 (layer F.Cu) (tedit 5ACA03C8) (tstamp 5AD5B9FE)
    (at 150.5 100 270)
    (descr "5-pin SOT23 package")
    (tags SOT-23-5)
    (path /5ACF094B)
    (attr smd)
    (fp_text reference U1 (at 0 -2.9 270) (layer F.SilkS) hide
      (effects (font (size 1 1) (thickness 0.15)))
    )
    (fp_text value AP2127K-3.3 (at 0 2.9 270) (layer F.Fab)
      (effects (font (size 1 1) (thickness 0.15)))
    )
    (fp_text user %R (at 0 0) (layer F.Fab)
      (effects (font (size 0.5 0.5) (thickness 0.075)))
    )
    (fp_line (start -0.9 1.61) (end 0.9 1.61) (layer F.SilkS) (width 0.12))
    (fp_line (start 0.9 -1.61) (end -1.55 -1.61) (layer F.SilkS) (width 0.12))
    (fp_line (start -1.9 -1.8) (end 1.9 -1.8) (layer F.CrtYd) (width 0.05))
    (fp_line (start 1.9 -1.8) (end 1.9 1.8) (layer F.CrtYd) (width 0.05))
    (fp_line (start 1.9 1.8) (end -1.9 1.8) (layer F.CrtYd) (width 0.05))
    (fp_line (start -1.9 1.8) (end -1.9 -1.8) (layer F.CrtYd) (width 0.05))
    (fp_line (start -0.9 -0.9) (end -0.25 -1.55) (layer F.Fab) (width 0.1))
    (fp_line (start 0.9 -1.55) (end -0.25 -1.55) (layer F.Fab) (width 0.1))
    (fp_line (start -0.9 -0.9) (end -0.9 1.55) (layer F.Fab) (width 0.1))
    (fp_line (start 0.9 1.55) (end -0.9 1.55) (layer F.Fab) (width 0.1))
    (fp_line (start 0.9 -1.55) (end 0.9 1.55) (layer F.Fab) (width 0.1))
    (pad 1 smd rect (at -1.1 -0.95 270) (size 1.06 0.65) (layers F.Cu F.Paste F.Mask)
      (net 1 VCC))
    (pad 2 smd rect (at -1.1 0 270) (size 1.06 0.65) (layers F.Cu F.Paste F.Mask)
      (net 2 GND))
    (pad 3 smd rect (at -1.1 0.95 270) (size 1.06 0.65) (layers F.Cu F.Paste F.Mask)
      (net 1 VCC))
    (pad 4 smd rect (at 1.1 0.95 270) (size 1.06 0.65) (layers F.Cu F.Paste F.Mask)
      (net 9 "Net-(U1-Pad4)"))
    (pad 5 smd rect (at 1.1 -0.95 270) (size 1.06 0.65) (layers F.Cu F.Paste F.Mask)
      (net 3 +3V3))
    (model ${KISYS3DMOD}/Package_TO_SOT_SMD.3dshapes/SOT-23-5.wrl
      (at (xyz 0 0 0))
      (scale (xyz 1 1 1))
      (rotate (xyz 0 0 0))
    )
  )

  (module Resistor_SMD:R_0603_1608Metric (layer F.Cu) (tedit 5B277D81) (tstamp 5B330CFC)
    (at 147.5 104 270)
    (descr "Resistor SMD 0603 (1608 Metric), square (rectangular) end terminal, IPC_7351 nominal, (Body size source: http://www.tortai-tech.com/upload/download/2011102023233369053.pdf), generated with kicad-footprint-generator")
    (tags resistor)
    (path /5B280861)
    (attr smd)
    (fp_text reference R5 (at 0 -1.65 270) (layer F.SilkS) hide
      (effects (font (size 1 1) (thickness 0.15)))
    )
    (fp_text value 10K (at 0 1.65 270) (layer F.Fab)
      (effects (font (size 1 1) (thickness 0.15)))
    )
    (fp_line (start -0.8 0.4) (end -0.8 -0.4) (layer F.Fab) (width 0.1))
    (fp_line (start -0.8 -0.4) (end 0.8 -0.4) (layer F.Fab) (width 0.1))
    (fp_line (start 0.8 -0.4) (end 0.8 0.4) (layer F.Fab) (width 0.1))
    (fp_line (start 0.8 0.4) (end -0.8 0.4) (layer F.Fab) (width 0.1))
    (fp_line (start -0.22 -0.51) (end 0.22 -0.51) (layer F.SilkS) (width 0.12))
    (fp_line (start -0.22 0.51) (end 0.22 0.51) (layer F.SilkS) (width 0.12))
    (fp_line (start -1.46 0.75) (end -1.46 -0.75) (layer F.CrtYd) (width 0.05))
    (fp_line (start -1.46 -0.75) (end 1.46 -0.75) (layer F.CrtYd) (width 0.05))
    (fp_line (start 1.46 -0.75) (end 1.46 0.75) (layer F.CrtYd) (width 0.05))
    (fp_line (start 1.46 0.75) (end -1.46 0.75) (layer F.CrtYd) (width 0.05))
    (fp_text user %R (at 0 0 270) (layer F.Fab)
      (effects (font (size 0.5 0.5) (thickness 0.08)))
    )
    (pad 1 smd rect (at -0.875 0 270) (size 0.67 1) (layers F.Cu F.Paste F.Mask)
      (net 8 "Net-(R5-Pad1)"))
    (pad 2 smd rect (at 0.875 0 270) (size 0.67 1) (layers F.Cu F.Paste F.Mask)
      (net 3 +3V3))
    (model ${KISYS3DMOD}/Resistor_SMD.3dshapes/R_0603_1608Metric.wrl
      (at (xyz 0 0 0))
      (scale (xyz 1 1 1))
      (rotate (xyz 0 0 0))
    )
  )

  (module Connector_JST:JST_PH_S4B-PH-SM4-TB_1x04-1MP_P2.00mm_Horizontal (layer B.Cu) (tedit 5C755BB6) (tstamp 5B573113)
    (at 146.5 95.65)
    (descr "JST PH series connector, S4B-PH-SM4-TB (http://www.jst-mfg.com/product/pdf/eng/ePH.pdf), generated with kicad-footprint-generator")
    (tags "connector JST PH top entry")
    (path /5AD000E2)
    (attr smd)
    (fp_text reference J1 (at 0 5.8) (layer B.SilkS) hide
      (effects (font (size 1 1) (thickness 0.15)) (justify mirror))
    )
    (fp_text value Conn_01x04 (at 0 -5.8) (layer B.Fab)
      (effects (font (size 1 1) (thickness 0.15)) (justify mirror))
    )
    (fp_text user %R (at 0 -1.5) (layer B.Fab) hide
      (effects (font (size 1 1) (thickness 0.15)) (justify mirror))
    )
    (fp_line (start -3 0.892893) (end -2.5 1.6) (layer B.Fab) (width 0.1))
    (fp_line (start -3.5 1.6) (end -3 0.892893) (layer B.Fab) (width 0.1))
    (fp_line (start 6.6 5.1) (end -6.6 5.1) (layer B.CrtYd) (width 0.05))
    (fp_line (start 6.6 -5.1) (end 6.6 5.1) (layer B.CrtYd) (width 0.05))
    (fp_line (start -6.6 -5.1) (end 6.6 -5.1) (layer B.CrtYd) (width 0.05))
    (fp_line (start -6.6 5.1) (end -6.6 -5.1) (layer B.CrtYd) (width 0.05))
    (fp_line (start 5.95 3.2) (end 5.95 -4.4) (layer B.Fab) (width 0.1))
    (fp_line (start -5.95 3.2) (end -5.95 -4.4) (layer B.Fab) (width 0.1))
    (fp_line (start -5.95 -4.4) (end 5.95 -4.4) (layer B.Fab) (width 0.1))
    (fp_line (start -4.34 -4.51) (end 4.34 -4.51) (layer B.SilkS) (width 0.12))
    (fp_line (start 5.04 1.71) (end 3.76 1.71) (layer B.SilkS) (width 0.12))
    (fp_line (start 5.04 3.31) (end 5.04 1.71) (layer B.SilkS) (width 0.12))
    (fp_line (start 6.06 3.31) (end 5.04 3.31) (layer B.SilkS) (width 0.12))
    (fp_line (start 6.06 -0.94) (end 6.06 3.31) (layer B.SilkS) (width 0.12))
    (fp_line (start -3.76 1.71) (end -3.76 4.6) (layer B.SilkS) (width 0.12))
    (fp_line (start -5.04 1.71) (end -3.76 1.71) (layer B.SilkS) (width 0.12))
    (fp_line (start -5.04 3.31) (end -5.04 1.71) (layer B.SilkS) (width 0.12))
    (fp_line (start -6.06 3.31) (end -5.04 3.31) (layer B.SilkS) (width 0.12))
    (fp_line (start -6.06 -0.94) (end -6.06 3.31) (layer B.SilkS) (width 0.12))
    (fp_line (start 5.15 3.2) (end 5.95 3.2) (layer B.Fab) (width 0.1))
    (fp_line (start 5.15 1.6) (end 5.15 3.2) (layer B.Fab) (width 0.1))
    (fp_line (start -5.15 1.6) (end 5.15 1.6) (layer B.Fab) (width 0.1))
    (fp_line (start -5.15 3.2) (end -5.15 1.6) (layer B.Fab) (width 0.1))
    (fp_line (start -5.95 3.2) (end -5.15 3.2) (layer B.Fab) (width 0.1))
    (pad MP smd rect (at 5.35 -2.9) (size 1.5 3.4) (layers B.Cu B.Paste B.Mask))
    (pad MP smd rect (at -5.35 -2.9) (size 1.5 3.4) (layers B.Cu B.Paste B.Mask))
    (pad 4 smd rect (at 3 2.85) (size 1 3.5) (layers B.Cu B.Paste B.Mask)
      (net 5 SCL_VIN))
    (pad 3 smd rect (at 1 2.85) (size 1 3.5) (layers B.Cu B.Paste B.Mask)
      (net 4 SDA_VIN))
    (pad 2 smd rect (at -1 2.85) (size 1 3.5) (layers B.Cu B.Paste B.Mask)
      (net 1 VCC))
    (pad 1 smd rect (at -3 2.85) (size 1 3.5) (layers B.Cu B.Paste B.Mask)
      (net 2 GND))
    (model ${KISYS3DMOD}/Connector_JST.3dshapes/JST_PH_S4B-PH-SM4-TB_1x04-1MP_P2.00mm_Horizontal.wrl
      (at (xyz 0 0 0))
      (scale (xyz 1 1 1))
      (rotate (xyz 0 0 0))
    )
  )

  (module MountingHole:MountingHole_3mm locked (layer F.Cu) (tedit 5C757F5C) (tstamp 5C758F7F)
    (at 134 100)
    (descr "Mounting Hole 3mm, no annular")
    (tags "mounting hole 3mm no annular")
    (attr virtual)
    (fp_text reference REF** (at 0 -4) (layer F.SilkS) hide
      (effects (font (size 1 1) (thickness 0.15)))
    )
    (fp_text value MountingHole_3mm (at 0 4) (layer F.Fab)
      (effects (font (size 1 1) (thickness 0.15)))
    )
    (fp_circle (center 0 0) (end 3.25 0) (layer F.CrtYd) (width 0.05))
    (fp_circle (center 0 0) (end 3 0) (layer Cmts.User) (width 0.15))
    (fp_text user %R (at 0.3 0) (layer F.Fab)
      (effects (font (size 1 1) (thickness 0.15)))
    )
    (pad 1 np_thru_hole circle (at 0 0) (size 3 3) (drill 3) (layers *.Cu *.Mask))
  )

  (gr_text v1.0 (at 151 109) (layer F.SilkS)
    (effects (font (size 0.5 0.5) (thickness 0.1)))
  )
  (gr_line (start 149.9 90.0387) (end 149.395 90.0387) (layer Edge.Cuts) (width 0.1))
  (gr_line (start 153.67 107.462) (end 153.984 106.919) (layer Edge.Cuts) (width 0.1))
  (gr_line (start 140.074 91.1737) (end 139.992 91.3168) (layer Edge.Cuts) (width 0.1))
  (gr_line (start 141.514 109.949) (end 141.584 109.954) (layer Edge.Cuts) (width 0.1))
  (gr_line (start 141.793 109.957) (end 141.835 109.957) (layer Edge.Cuts) (width 0.1))
  (gr_line (start 151.148 109.957) (end 151.187 109.957) (layer Edge.Cuts) (width 0.1))
  (gr_line (start 144.75 109.957) (end 145.505 109.957) (layer Edge.Cuts) (width 0.1))
  (gr_line (start 154.723 105.638) (end 155.121 104.95) (layer Edge.Cuts) (width 0.1))
  (gr_line (start 152.449 90.5107) (end 152.391 90.4517) (layer Edge.Cuts) (width 0.1))
  (gr_line (start 137.263 103.953) (end 137.655 104.632) (layer Edge.Cuts) (width 0.1))
  (gr_line (start 153.413 107.908) (end 153.67 107.462) (layer Edge.Cuts) (width 0.1))
  (gr_line (start 149.395 90.0387) (end 148.776 90.0387) (layer Edge.Cuts) (width 0.1))
  (gr_line (start 151.115 90.0387) (end 151.052 90.0387) (layer Edge.Cuts) (width 0.1))
  (gr_line (start 141.047 109.85) (end 141.125 109.878) (layer Edge.Cuts) (width 0.1))
  (gr_line (start 142.694 90.0387) (end 142.39 90.0387) (layer Edge.Cuts) (width 0.1))
  (gr_line (start 150.293 90.0387) (end 149.9 90.0387) (layer Edge.Cuts) (width 0.1))
  (gr_line (start 140.367 90.6898) (end 140.326 90.7491) (layer Edge.Cuts) (width 0.1))
  (gr_line (start 140.769 90.2908) (end 140.7 90.3393) (layer Edge.Cuts) (width 0.1))
  (gr_line (start 140.209 90.9413) (end 140.189 90.9752) (layer Edge.Cuts) (width 0.1))
  (gr_line (start 140.969 109.817) (end 141.047 109.85) (layer Edge.Cuts) (width 0.1))
  (gr_line (start 136.5 102.7) (end 137.263 103.953) (layer Edge.Cuts) (width 0.1))
  (gr_line (start 140.29 90.8053) (end 140.258 90.857) (layer Edge.Cuts) (width 0.1))
  (gr_line (start 140.165 91.0163) (end 140.13 91.078) (layer Edge.Cuts) (width 0.1))
  (gr_line (start 152.976 91.3309) (end 152.89 91.1834) (layer Edge.Cuts) (width 0.1))
  (gr_line (start 152.636 90.7538) (end 152.596 90.6947) (layer Edge.Cuts) (width 0.1))
  (gr_line (start 154.441 93.8688) (end 154.076 93.2369) (layer Edge.Cuts) (width 0.1))
  (gr_line (start 140.25 109.126) (end 140.281 109.176) (layer Edge.Cuts) (width 0.1))
  (gr_line (start 151.246 90.0389) (end 151.199 90.0387) (layer Edge.Cuts) (width 0.1))
  (gr_line (start 142.122 109.957) (end 142.323 109.957) (layer Edge.Cuts) (width 0.1))
  (gr_line (start 137.367 95.8621) (end 136.5 97.3) (layer Edge.Cuts) (width 0.1))
  (gr_line (start 139.662 108.108) (end 139.835 108.408) (layer Edge.Cuts) (width 0.1))
  (gr_line (start 140.914 90.2058) (end 140.84 90.2462) (layer Edge.Cuts) (width 0.1))
  (gr_line (start 138.446 106.002) (end 138.817 106.644) (layer Edge.Cuts) (width 0.1))
  (gr_line (start 151.819 90.1136) (end 151.739 90.0916) (layer Edge.Cuts) (width 0.1))
  (gr_line (start 140.557 109.533) (end 140.618 109.59) (layer Edge.Cuts) (width 0.1))
  (gr_line (start 152.391 90.4517) (end 152.33 90.3958) (layer Edge.Cuts) (width 0.1))
  (gr_line (start 151.431 90.0456) (end 151.363 90.0417) (layer Edge.Cuts) (width 0.1))
  (gr_line (start 141.068 90.1383) (end 140.99 90.1698) (layer Edge.Cuts) (width 0.1))
  (gr_line (start 138.817 106.644) (end 139.151 107.224) (layer Edge.Cuts) (width 0.1))
  (gr_line (start 140.258 90.857) (end 140.231 90.9027) (layer Edge.Cuts) (width 0.1))
  (gr_line (start 152.502 90.5718) (end 152.449 90.5107) (layer Edge.Cuts) (width 0.1))
  (gr_line (start 142.169 90.0387) (end 142.016 90.0387) (layer Edge.Cuts) (width 0.1))
  (gr_line (start 150.805 90.0387) (end 150.59 90.0387) (layer Edge.Cuts) (width 0.1))
  (gr_line (start 140.894 109.78) (end 140.969 109.817) (layer Edge.Cuts) (width 0.1))
  (gr_line (start 140.055 108.789) (end 140.117 108.896) (layer Edge.Cuts) (width 0.1))
  (gr_line (start 152.672 90.8097) (end 152.636 90.7538) (layer Edge.Cuts) (width 0.1))
  (gr_line (start 138.054 105.323) (end 138.446 106.002) (layer Edge.Cuts) (width 0.1))
  (gr_line (start 142.603 109.957) (end 142.977 109.957) (layer Edge.Cuts) (width 0.1))
  (gr_line (start 155.229 95.2335) (end 154.83 94.5425) (layer Edge.Cuts) (width 0.1))
  (gr_line (start 152.766 109.027) (end 152.789 108.989) (layer Edge.Cuts) (width 0.1))
  (gr_line (start 141.893 109.957) (end 141.984 109.957) (layer Edge.Cuts) (width 0.1))
  (gr_line (start 141.914 90.0387) (end 141.848 90.0387) (layer Edge.Cuts) (width 0.1))
  (gr_line (start 141.663 90.0396) (end 141.601 90.0415) (layer Edge.Cuts) (width 0.1))
  (gr_line (start 154.83 94.5425) (end 154.441 93.8688) (layer Edge.Cuts) (width 0.1))
  (gr_line (start 140.316 109.231) (end 140.355 109.29) (layer Edge.Cuts) (width 0.1))
  (gr_line (start 152.949 108.711) (end 153.06 108.519) (layer Edge.Cuts) (width 0.1))
  (gr_line (start 146.296 109.957) (end 147.093 109.957) (layer Edge.Cuts) (width 0.1))
  (gr_line (start 152.663 109.201) (end 152.696 109.148) (layer Edge.Cuts) (width 0.1))
  (gr_line (start 143.46 109.957) (end 144.059 109.957) (layer Edge.Cuts) (width 0.1))
  (gr_line (start 137.763 95.1774) (end 137.367 95.8621) (layer Edge.Cuts) (width 0.1))
  (gr_line (start 152.125 90.2497) (end 152.051 90.2089) (layer Edge.Cuts) (width 0.1))
  (gr_line (start 141.752 109.957) (end 141.793 109.957) (layer Edge.Cuts) (width 0.1))
  (gr_line (start 142.016 90.0387) (end 141.914 90.0387) (layer Edge.Cuts) (width 0.1))
  (gr_line (start 141.601 90.0415) (end 141.533 90.0452) (layer Edge.Cuts) (width 0.1))
  (gr_line (start 140.355 109.29) (end 140.399 109.351) (layer Edge.Cuts) (width 0.1))
  (gr_line (start 141.306 90.0731) (end 141.226 90.09) (layer Edge.Cuts) (width 0.1))
  (gr_line (start 140.75 109.693) (end 140.821 109.738) (layer Edge.Cuts) (width 0.1))
  (gr_line (start 155.518 104.262) (end 156.4 102.7) (layer Edge.Cuts) (width 0.1))
  (gr_line (start 154.339 106.303) (end 154.723 105.638) (layer Edge.Cuts) (width 0.1))
  (gr_line (start 141.205 109.901) (end 141.285 109.919) (layer Edge.Cuts) (width 0.1))
  (gr_line (start 145.717 90.0387) (end 144.949 90.0387) (layer Edge.Cuts) (width 0.1))
  (gr_line (start 140.821 109.738) (end 140.894 109.78) (layer Edge.Cuts) (width 0.1))
  (gr_line (start 140.448 109.413) (end 140.5 109.474) (layer Edge.Cuts) (width 0.1))
  (gr_line (start 140.515 90.5058) (end 140.461 90.5668) (layer Edge.Cuts) (width 0.1))
